FrameNo,head_x,head_y,leftShoulder_x,leftShoulder_y,rightShoulder_x,rightShoulder_y,leftElbow_x,leftElbow_y,rightElbow_x,rightElbow_y,leftWrist_x,leftWrist_y,rightWrist_x,rightWrist_y,leftHip_x,leftHip_y,rightHip_x,rightHip_y,leftKnee_x,leftKnee_y,rightKnee_x,rightKnee_y,leftAnkle_x,leftAnkle_y,rightAnkle_x,rightAnkle_y,status
0,294.90140119361627,982.7578982003554,341.8439815506358,1038.6843026726672,338.29123126204826,933.0090148163404,275.1986864484333,1091.094212360368,269.0447249462142,888.3193496603199,166.1398548329605,1092.8575718394104,156.19659790602088,893.4136444921445,544.6694943808765,1020.147326579434,543.7507292074097,947.798794144484,705.8165204726517,1026.487656816851,696.91886038712,930.6665261049292,852.0460851232779,1032.9600617957417,848.9339588398431,919.0720927443776,0
1,295.05623947659456,982.5112022607316,350.25615558202617,1034.712346824629,345.4815629182773,930.7662788968504,278.2142962342896,1085.011733907886,265.96606568335244,887.4344262228917,166.6233633212522,1094.0071028598,156.0769667240981,893.2276357052347,541.4615410357054,1021.725236947356,542.1308288772642,944.9769651705864,708.3035074191844,1025.866427453102,698.7931307332568,931.1757752406606,851.003079358561,1031.8546476231,846.5893278382379,918.7352109708652,0
2,294.6139837954537,982.014007680474,341.892332466433,1040.1266006368824,344.58902644242977,930.1986983591454,278.5315880694842,1085.9976942971907,270.47150287888604,889.3873476228848,165.88120154193535,1094.061213821983,156.73511974988273,892.2232894280831,543.1621592686607,1022.1625482361604,543.6559252497124,944.9518059948454,707.789681165519,1026.1520746751012,713.5008672309945,932.2596466042032,853.2410782583357,1032.6308412572905,846.9654577823236,918.592743884107,0
3,294.9711341634683,982.3767172808512,349.5594845140554,1035.230041548752,345.5012943778763,930.3782863462786,278.450327055972,1087.2905130827803,267.1785861090969,885.9047986548409,171.2044398155262,1096.9973618103072,159.47393958683287,892.1616995290831,549.5820505566343,1021.0782920955124,542.0140620852942,944.9620759110518,712.3232960793999,1027.810221832522,712.7083675945069,932.2028919811376,850.773751366743,1032.4627797661417,847.200194112036,918.9087817705704,1
4,294.6689802834519,982.110255771836,350.63186228817864,1034.549672212958,345.28100171231785,930.2056283831683,279.28101855849724,1090.3961580768394,270.133015663013,887.471619100802,172.3165544080796,1096.1265520240174,159.2376656712109,894.5432269722114,550.3798507124922,1020.7373486364004,542.6729685432424,945.0210086954244,712.348893938201,1027.5117155211012,698.340788495246,932.3567456449332,851.0951804866716,1032.2245973563213,846.5080715124876,918.8504927478934,1
5,294.5945500087366,982.2929710819824,350.625478895805,1034.3945572605735,345.5024060471315,930.32577503437,279.4820297896009,1087.0733265873266,268.08471173706846,886.9169736661778,173.95467606880572,1096.3468005918214,159.42278907264938,894.234412401411,551.1360583658801,1020.3267363044464,542.786337377501,944.625730269276,707.7687482995082,1025.7698053476304,698.5568501208321,932.555137931381,853.5616484923852,1032.2700340164488,847.6006495224018,918.8459911248336,1
6,294.5342901686233,982.2704528763747,350.4342824987999,1034.2692706061146,345.79522776510686,930.1839248018174,278.34434211641667,1091.4150761051444,268.3292066477365,887.0726234049241,173.70137687157282,1096.4004003116963,159.22266215434774,894.0234132832592,550.866185251541,1020.0938519793868,542.8685741151727,944.4428763855564,707.9083156957737,1025.94008805207,697.7748309806357,932.6083199124754,838.8524861825613,1031.2453894016062,847.5781308535016,918.769468241628,1
7,294.5257922607838,982.2346524610668,350.4984057244151,1034.5354327693046,345.88657751194984,930.330380923953,278.2167465944129,1087.2110175946284,268.0962543462746,886.9831573463906,172.80552413900745,1096.2695518790756,159.37397339874187,894.0036483865553,550.9866714477539,1020.6670353291756,542.8223045656678,944.3588826377808,707.911144425252,1025.931197817408,699.8194090566647,931.836298957281,838.8270517257472,1031.278943041508,847.5179627595859,918.7059692562196,1
8,294.58088082981976,982.2019080639236,350.4599258958596,1034.6737695563638,345.92548861460193,930.2339364079148,277.6086193129362,1086.1029106549356,268.11090695067406,887.2441203098452,171.52613479852366,1095.317013282972,160.30110170689298,891.1198596828217,550.943198483074,1020.5454995788082,542.7940976325185,944.3708692518428,707.9476527150803,1025.9043387609927,713.043746154547,932.8369387276992,838.8114294243106,1031.2638553392353,847.5302165692432,918.8120331998962,1
9,294.7564894139224,982.141463751306,350.3018117044,1034.4371450902083,345.80980536531564,930.2554058941035,276.820966152593,1086.0127113673025,267.91883193314925,886.6252318977172,165.29091387328307,1094.1719381429098,162.46739685147884,891.4305779585324,551.0798293313372,1020.4119254174608,542.8229421012888,944.4322519631704,707.9159667929065,1025.8770693653564,713.06729747043,932.797307358517,838.7911648992134,1031.2677441442129,847.5259520452571,918.8095227310888,1
10,294.8499941918878,981.8106005105966,346.9004145152237,1038.672324341067,344.5614530268199,934.4472188059676,277.7455608928467,1087.0352323085049,271.5214998545355,888.0961331963803,172.90100581314223,1095.245616949279,162.29990177873827,891.5019325856161,555.906074434635,1026.358761867997,542.744077873478,944.4088007403508,707.9463033093277,1025.8264388869916,698.965499739033,932.4006889393714,838.7802089299274,1031.2595447593535,847.8899460434138,918.8031934167776,1
11,294.9064783746151,981.8969748985407,350.247380091713,1034.2595354762698,345.7831601265658,930.2140719534982,276.43634466263035,1084.983483734243,272.09214780978635,888.1506329717924,172.30807692548854,1094.8112762473595,161.89144603297677,891.4748609600306,550.7110685489887,1020.6210006500852,542.7307780232323,944.495808799682,707.9457079635639,1025.8284542579847,698.9670627727929,932.400731318668,838.7802089299274,1031.2595447593535,847.8899460434138,918.8031934167776,1
12,295.3267149683403,981.20965939423,337.32805423215706,1043.9801070236442,342.9548096873825,934.9735938863314,266.8452080514558,1102.016383611832,272.85026505647613,886.1338385722814,153.50821491335705,1097.816737929659,157.96572522627207,893.7073646337999,559.9745937193634,1027.9334641904363,543.7123659032219,945.7092392225636,706.0142770576228,1026.1274583579686,705.0074007111191,929.2253696909728,848.2768856316455,1032.9949265030884,853.5789984852191,918.9422008730226,1
13,295.3177459404279,981.0699530159352,337.6030222740223,1043.9687587897802,344.2398002336797,935.6975802632486,262.1965291751221,1102.1710209562707,272.43945371035016,887.2301115979175,151.29928792251567,1094.5270335963332,156.15130089969412,894.3845171791767,560.5341999862532,1028.3073881599153,543.460764345484,945.7177709149228,705.7370481751519,1026.1268401583884,703.8509338636857,927.8359247637882,848.0345126029264,1032.679798762471,852.8284645514618,918.5569313604284,1
14,295.62146804422645,980.887856578056,348.5971378877041,1045.9459130751743,344.31419903342214,935.2040269390616,271.46612834558374,1107.73969281692,272.6780152537888,887.7499441221127,151.22318545615565,1094.2419837206098,156.40256594309415,894.6532900415739,550.9141906123167,1022.7184179615748,543.7655278021089,945.5291023226366,705.3489416690425,1024.4823613331478,704.0858362741061,927.456369729361,848.258427569088,1032.7377632135508,854.7240632098114,919.0751507806044,1
15,295.89638920847244,980.512545527473,348.55343723173104,1045.8821947937236,345.68806686699,935.324451410096,271.4530655621552,1107.9825073511263,273.57027314264224,887.6555358303724,151.37251612113883,1094.0351727532604,156.6477657759608,891.2233849048265,551.0458350212583,1022.5466957064256,543.6692478690873,945.3877249892192,705.3486014714631,1024.4877791562385,703.9230624472985,927.4345645722356,848.2558479606718,1032.7377951661952,854.5425582164595,919.121879672934,1
16,295.67709838460416,980.6696906499702,337.1687399736461,1043.2062772124416,346.271061047776,934.7324772147376,261.39712379564696,1102.1608822140774,274.0709368305181,887.4967305157485,152.13858481656433,1096.0862742023903,157.72086010797744,890.3096401822821,560.6828743645676,1028.114505854711,543.6102584124541,945.5283401679852,705.8289510779015,1026.0097051279936,703.9443864065896,927.419879136937,848.2670711323871,1032.7330406127303,854.5481063501112,919.1192111226236,1
17,295.4890233673572,980.334138106459,348.4693548552236,1046.0070724543364,347.4635553546007,934.814912346161,271.86540243994585,1107.1539275248554,273.4588503992604,886.556736191435,152.25168309999225,1096.2517256670187,158.01581408794584,890.5322418100777,551.1962686496531,1022.427739038965,558.1895582697636,944.1149400070606,705.3661176287151,1024.6247974762928,703.6901570234559,927.2933318665762,848.6044614119709,1032.7991032092384,854.5259104671031,919.066553837582,1
18,295.4251184575114,980.2310259144242,348.62426261753035,1045.8764002657742,346.93911935635134,934.5585889066518,271.6132571018253,1107.2107897778806,274.9315724168239,887.2581909089996,151.62935993606308,1095.863224564888,159.18762598918224,890.1937644224147,551.5269293121615,1022.1922554503813,558.6911300440913,944.4498804051766,705.3201601502178,1024.6363273357138,703.3362109081332,927.2068384129892,848.7183569497653,1032.7689742201137,854.538717767507,919.065544806711,1
19,295.132093826413,980.797651908925,348.4750846396497,1046.0014151545854,347.8859521694704,934.0096115347744,271.8224973641384,1107.1671956081236,272.9739817903318,886.4346885260724,161.4251767891436,1096.1323532788392,159.11740599435078,890.7876073429464,551.4135229758075,1021.355374663477,558.4055837326149,943.5254708990116,705.3649885477728,1024.741172370098,703.3592639818922,927.2488241875374,848.8099049219694,1032.802123238636,854.6445145687603,919.1305707921708,1
20,295.0215001472106,980.3171621710828,348.62401617518947,1046.0310026304762,347.51372780074377,934.1418631929936,271.7910505178225,1107.2135087797346,274.1381539790001,887.1289071469164,160.49924067930064,1096.0104488958602,158.61448682331138,891.260771516664,549.5827992591808,1022.7231590612946,558.083247865595,943.7837518584108,705.013430512308,1024.676249978474,702.357881692358,926.9838701706436,848.7247557447852,1032.7662605997573,854.0306405725032,919.123327968578,1
21,295.0927581464671,980.2192135263592,348.9961708971676,1045.7671572021663,347.3894994311587,934.1692698168282,271.33925741763665,1107.516040451644,274.1527664025831,887.0002967447679,151.53788428932853,1095.0490119928477,158.44866461189577,890.7784991576162,549.8980271397703,1022.73727338512,558.1376526910709,943.7723484641924,704.6787135963787,1024.1726615059297,701.188144460611,927.306932930032,848.7303194485032,1032.83215468811,853.8183318351738,919.1101009192316,1
22,295.044730016562,980.4572936877182,349.0567903555881,1045.2769148446112,347.1564774829482,934.6467324620568,271.66052581429943,1107.538774589858,274.0427298973689,887.3158227162359,151.65940715060586,1094.3637454938923,159.55387814922358,889.4948262278426,550.3482411338697,1022.3410632871338,544.2974896672798,945.2414774001302,704.6829432969905,1023.839440496418,701.7706095939805,927.521716586638,848.4541305794982,1032.6829331487002,853.8996403933695,919.0755449753312,1
23,294.87818639207103,980.401869640028,349.16451244577473,1045.6805688996774,347.117216807193,934.4236397725708,272.1636458894211,1107.828480806708,275.6750085977026,888.6264791495655,151.462376499052,1095.2402515957936,158.66998590635538,889.4621686073544,550.3880134453543,1022.2425549666204,558.413831514872,943.4312449055152,704.7020827592271,1023.869270139718,701.7593964674693,927.5854496672082,848.3868484720297,1032.664767565927,852.7973155454479,919.1580971543356,1
24,295.89786451411646,979.8389568791332,348.63236307012704,1038.34897656199,343.9470012848337,932.8718202522272,274.88346258592543,1091.5332726360157,278.6799155534166,885.5795311629992,167.12429689027863,1101.829858201116,157.53587432583535,891.8274836151326,544.992193214605,1023.7233023885242,540.8086041077215,942.320312006696,712.5674079329511,1027.092157121444,713.499385898228,930.244100039536,847.2813821303984,1033.317019920153,853.6953480873058,919.2950502237268,1
25,296.359269535278,980.0853110936353,349.7785797912836,1045.5726496845723,341.7064158287098,931.9446419653518,276.1192142203818,1091.2157413838631,276.1198872490574,885.9667228794028,168.97092350437674,1100.5975812677948,154.82042227051812,895.0307557094106,544.2063220734714,1023.6184317920246,541.7475293361629,941.1552748725662,712.2563119796534,1026.5673231675642,713.9431133691913,928.366813575582,848.3310055081648,1032.2778001907204,860.2164026168605,917.83316764299,1
26,295.89320353940803,980.2451308206284,348.50451842706127,1038.1015501365691,341.3214648560523,932.6509676112752,276.158819111798,1090.6227083787771,278.34341594859745,885.794010092282,166.69281519280918,1099.6544602931554,157.87674158540287,892.6007564412944,546.4550615566139,1033.321821561725,541.7597536798881,941.1448926175892,713.1895248353559,1025.6446579394317,713.7909754044988,928.411644817187,848.3690982615218,1032.2778876400623,859.9291278605963,917.6156912193328,1
27,295.1249865096629,980.3305701732986,339.5053549023691,1035.1553170949023,340.8859208780395,932.537985751946,277.4079978357521,1090.6531447859743,274.9352924907471,886.6364180139547,163.5442296736262,1099.0522437617676,153.65743575077528,894.7864437733916,558.9294692536789,1034.958013552765,542.0188730683841,941.1920937363668,713.1395050763153,1025.5701753166477,713.800032160527,928.4130958035796,848.3792921346558,1032.2671192626058,858.5761861962366,917.7694715602184,1
28,295.0964480847779,980.2654083050148,339.91945705736254,1035.2023947755702,340.99363225334173,932.6358752001918,277.8754346671433,1090.3642848096815,274.8494019774994,886.5386886652738,166.67321298150307,1099.4997395354978,152.98441879460964,895.0427329058512,559.0035224983999,1034.95726686992,542.2576783754425,941.4418497302794,713.158007002931,1025.578716426628,713.8070932693382,928.4060944747084,848.3606656475091,1032.2705977283622,858.5353042245375,917.7640241388888,1
29,295.0722833417637,980.09913481657,339.625411163846,1035.1842877165875,340.79173302619444,932.4789439922392,276.697925126134,1091.2798659684113,276.1232584195577,886.8095656933809,166.0101725872223,1099.018079321845,154.269265694488,896.8660913785533,559.02223068654,1034.8502329112323,542.4457379900432,941.388129599387,713.1866746761089,1025.5484185930038,713.8602739192729,928.332750711434,848.3562484364205,1032.2528192771,859.2724353656347,917.5506020012716,1
30,295.2765358253945,980.4108527055304,338.39104308883606,1041.4198741590512,340.5865148636082,932.9522871007648,277.62925350154484,1091.9567803825023,275.67590663895027,887.4466180065641,162.25932719028506,1099.1767016655378,153.36828421554267,895.1974805709986,558.6960294249774,1035.4472468794488,541.9864766154394,941.4386887729036,713.0659098929019,1025.4563774876872,713.7493186127224,928.3482534617384,848.526979404246,1032.2494766941677,859.3024370419188,917.5737511875172,1
31,294.5867766949538,982.2462112460393,342.1977602458899,1038.1559996706524,335.5988312759697,931.308172199325,278.11889291274684,1092.5022813066853,275.93823446564,887.5295973419705,163.5684366064977,1098.2348480336725,153.86646874704348,895.1858955512233,558.8566508993836,1035.4866152279174,542.1013133888591,942.7323134378158,713.3140773301936,1026.0104067407926,713.9476993397091,928.30593537969,848.4153570961424,1032.240651037481,858.7701306262468,917.61619775283,1
32,294.6123196399723,982.6281798823104,342.55384799872945,1038.5952012106218,335.86101646076094,931.4029632501092,277.6092019347748,1091.4078272273662,276.29330363478243,887.9928286157926,164.1691009709987,1096.229930600202,152.6977892752897,895.3843477068361,559.8607534301916,1035.1183108877033,542.3184652539317,943.3757616613474,713.5191816471332,1025.4964602300124,705.5845740309617,926.2795047353596,848.7884935694026,1032.3406836672973,855.8823778725414,917.7698523012004,1
33,294.6054969373388,982.6271230906444,341.80717994084745,1038.475597418029,336.210809219023,931.807289992423,276.8545311976161,1091.413141456621,276.9599207914077,887.408180657246,166.0266058714709,1098.6980201110168,152.37770755207274,895.7807125228894,559.7525813148608,1034.6415989614427,542.4124213964018,942.5768897219848,713.2120394861744,1025.8488898238743,713.8206984937888,927.5720739539804,848.8769837814747,1032.351897363712,858.7578155408445,917.7504540190464,1
34,294.4717045289177,982.9610679116344,341.2516493481064,1038.922377452528,335.98625202947846,931.9093117584296,277.33185652793617,1090.8134730645263,276.5692695002562,887.5694264812035,164.80972984522307,1098.8659739722057,152.59280919098575,895.3825583587579,560.4723884969445,1034.4311864265703,542.9684006749266,942.5365486677564,713.1665681955562,1025.9410055974754,713.6650272959695,927.6742618737372,848.8713089108312,1032.3525740870828,858.7185679238546,917.7308384589112,1
35,294.67750330430164,982.9300449211576,340.9190700516124,1039.0298244411854,335.8835123605319,932.2849066830312,278.74871917446814,1090.099067099387,280.528701886399,889.1883176289264,160.5857181673087,1095.2912036186628,153.06551473193423,895.9636309845846,560.1960382349934,1034.528365517083,542.5935886616204,941.6359778522658,713.3129361950064,1026.2225252105245,713.8011331148978,927.4431877500604,848.9052536645697,1032.321627110265,858.8004162469672,917.7076240220024,1
36,293.4043879471768,981.1410210782514,336.68218109170544,1045.4679109347735,338.7014733799412,933.6475107163564,270.6262608839414,1108.2179102172404,264.37012718309813,889.2819974003778,154.37302796521328,1101.2269985807195,149.05808167277758,896.9936786233985,558.9086555907568,1028.4082226329303,542.7430345116107,944.9174498390574,713.4165598419149,1025.5962594373536,705.2566583878972,929.1818306815704,849.9692148970069,1032.811847269141,856.2069518110376,917.9383463302488,1
37,292.42338735586026,981.9205996746706,338.86164616856365,1038.352452599766,336.88794169531377,931.6816286511672,271.4301517818932,1094.0577777355231,263.83865686324856,888.4576958650006,167.35859859749306,1105.8607239621604,147.91211742108447,898.3385109323339,561.0217057961016,1033.9877819366793,542.488321619319,944.1961636287514,713.6931217228328,1025.3534913185674,706.2252584886488,926.4350596252038,850.3932618040722,1033.298069984049,857.5721097829593,918.3190516598692,1
38,292.2283496728024,982.1393003891184,338.7661993178031,1038.321562801364,336.9909545938122,931.4696958431158,273.65146383972564,1094.0013715644518,262.6364093329103,888.3149099244869,167.87763295465078,1105.2424651852955,147.11060857586804,898.6706287347597,559.3235787737664,1028.212055595897,542.2037650952878,942.9195101904046,713.6662514715107,1025.1422634867515,706.7668958944214,926.8309333795664,850.5504491580323,1033.5009901283595,857.591432737591,918.3437574444056,1
39,291.6807173101428,981.8723343646676,338.5029694317841,1038.2846201631096,336.7270603849612,931.431093685422,273.6509213987036,1092.9732888450876,263.0476640073779,888.0327633669235,168.92520175333604,1104.8727239851214,147.20793789787936,897.8590709229413,558.8346103821991,1028.3012061641114,541.4131459210101,945.3561847022488,703.3624128185415,1027.563356375712,706.2957061747735,924.5791081099892,851.0296797287324,1033.133531019672,856.2754708179726,918.3322511290384,1
40,292.3168783914903,981.7864994718956,336.0634393778827,1045.964890927799,339.84498861087155,933.0563787254316,259.5523059879695,1103.0730649568334,264.0584630060878,887.905640276279,157.92813552836603,1105.5741861022457,147.76429755479987,897.6637709797699,558.3000635511698,1027.7376112983477,541.5120001050059,944.8153904025648,715.4384210236825,1028.6643261037095,706.7444348180247,924.2910398865868,849.7586446496692,1032.541916711991,856.6037132650109,918.2791989765826,1
41,293.3332036127504,981.87536414803,338.529795484208,1039.0010468807404,337.2671508293003,932.2904536620736,273.6101526029708,1094.024245621613,264.41334265571265,887.5980049262233,169.59945460444771,1103.647047459072,147.83118522058692,898.3656410817099,558.821104270429,1027.9513052016125,543.2419449765288,939.7715605680424,718.0364456474393,1031.308130941174,714.5961534279376,925.1808510485332,853.0267926248368,1033.3520467451265,861.9494789133456,918.8152627713712,1
42,293.3967843973435,982.1283450046068,342.0557558831065,1039.6867896422668,341.0858164218064,932.5081076751642,270.50840653120616,1108.5592034737213,270.5708214861519,887.2246520682173,158.33935136137765,1107.1198047915425,151.0733498522457,897.8264244017928,557.9047941448474,1030.5266298046015,543.4463662195888,941.8316538276084,729.0373933392785,1035.3777677044109,706.2980500557333,923.093476305982,852.5828738764451,1035.6797112794943,856.8723220229923,918.2316298978808,1
43,295.91548715053204,982.4174229315676,341.7153279337988,1037.734948577993,350.24367274171505,930.8382893940004,276.0274345388028,1093.9916189447383,272.9580892729046,888.0502034565003,170.79924440817962,1103.2125964364438,155.7297047713023,896.1877717208022,561.2628335543509,1036.8348176999623,536.4996652516338,946.6816711986356,716.5810643308959,1037.722150576982,704.6792011236183,922.2469922359336,854.9328513542293,1033.332018827709,861.4307070708553,918.823426503806,1
44,298.0855870835958,979.5551097682082,352.92130895646864,1038.016955174566,351.5775044097702,933.771230009529,279.0060572134348,1096.7083726780631,280.3640107649665,887.7641243692885,175.57596263711875,1104.10634754862,163.4251484666286,896.5277196027881,553.712911047768,1032.0107716063558,545.8598966065247,943.0363418388508,720.5601987107057,1038.4548302173264,718.3943602880669,916.6960033049572,851.3719231812634,1033.354304283529,859.8553806597606,919.3767184916882,1
45,301.8757269751421,980.8798973425446,354.63443413822483,1038.0898303270867,351.7636782047187,936.3523969012616,283.6962273030969,1097.5201978830623,282.73035882818374,888.1341225359915,175.20045683504856,1103.6549663333487,171.92352910035606,896.3380877223635,564.1372379059909,1035.168092434762,548.3520621906176,941.2170255438184,728.2322581753774,1039.871071136497,707.783150443485,917.0120512817292,852.5958013844582,1032.404015826268,867.2412937794302,916.833800596844,1
46,305.0482461976447,981.5302890438442,358.3587404407357,1043.7857757501092,358.7925526255594,933.8362432139312,300.71828641259003,1091.5119188520332,282.8935880375776,889.0013502626889,190.526832585527,1104.403812540182,174.46586043378932,897.6656138064843,581.2584900576984,1033.506000639322,549.8265334130573,943.9843270149764,729.3127069361652,1040.3471169342108,720.3074640539439,913.727953796611,852.1035729893161,1032.8605989320238,854.934694565474,917.911069535053,1
47,314.6978335704543,981.7279299386366,361.9613511044585,1039.0729708534932,356.3426465454895,935.901325122124,304.9993334200974,1093.0768059948452,285.68269119461115,888.3908939852074,193.73146498621827,1105.3029101706006,175.19426430155303,898.6063608678276,583.3882260167552,1032.4700542060357,553.1972605850358,946.3577991964886,728.5899478034328,1042.0633913330255,720.8733157590709,912.8858085593084,852.4568882658205,1032.5924920300015,854.778601469082,918.3211598617028,1
48,320.6853676586374,982.400886260964,370.4215063881347,1037.4336731495182,367.8318849124586,931.3939182973802,297.796352173169,1102.1118661851065,295.91309706163344,885.4749229145261,197.56242724791923,1106.785890914166,178.13555029185756,898.980492697666,584.7076461653095,1028.0949394007453,568.4769067156609,946.2594032147456,718.2534756307018,1041.6153076306414,722.509879073799,910.5336849484524,849.8607022492565,1032.712981751699,852.2991249868246,919.4285362630447,1
49,337.6406431539161,983.3726320960432,375.2040140030443,1037.6696252647698,374.6086367643081,929.5164374268116,304.76986613478243,1101.9410769471694,295.0689171938654,884.8515668500443,205.32878841008255,1110.6462963813374,197.58181047377568,901.961498162398,591.428732853407,1026.758677800029,574.7832865274773,940.5572027673098,728.7699230377633,1043.6786607326085,723.578333860876,912.5568187525832,853.0799668290989,1033.5042694786907,854.3517095509369,920.16197961363,1
50,343.1302726160255,983.6221889745306,383.22478201361406,1034.5514925046498,380.1966418401472,929.0298491063844,316.6939098224218,1101.0759887022623,304.6392865174768,890.566101522677,220.65517554512567,1110.645996362825,207.4747145594484,904.8758120680452,581.4810437312826,1038.9546180069228,572.1186575126895,942.32313123895,729.4640091398757,1045.018220855242,732.3844232050743,912.39625368812,853.2024781384611,1033.6181658563328,854.3261301083434,920.3807132897527,1
51,353.2352329695643,983.5527124902416,394.686868863546,1039.0523433194803,393.1568824857357,931.2344221329532,328.1601808347069,1100.6254762625713,323.3571495284339,888.6446376691226,225.47115578918056,1112.9488698495477,223.493434489936,901.5410349983928,600.902261051927,1022.336564354823,594.6881350553236,943.806559992222,733.5441594316063,1053.7356899241856,739.1964966733061,908.7276232829436,848.3327329484322,1032.8990618434573,853.7412698844008,920.3261966971596,1
52,363.9469038959597,984.7972928733182,405.003280093983,1036.820438337361,400.4001188836265,931.0202815653558,325.2961350975483,1105.608729517346,331.7184158047402,889.7479174051279,240.00381107603152,1108.974801763553,226.7222439390165,902.4275331966672,612.4384299428317,1025.1220377992831,598.027917641192,940.1113322059692,734.6845043961185,1056.4694219472915,733.7526335796857,904.7446676530355,851.1504540548832,1032.1417909015372,854.8477446180326,920.7650228776448,1
53,372.49193010466615,985.9295761926836,413.6672097095742,1039.7282270085366,412.7330720254132,937.6005801972356,334.39092896539614,1111.12621164427,340.0570951047582,887.8113510501814,241.5251264336515,1108.5483557191692,240.7172348657417,902.7753259573328,614.112038630968,1023.2085822874094,602.4829167786438,941.7682517091638,751.94705372824,1049.824903545618,737.2340977424452,901.1426427029758,856.5279764440807,1030.7704681687983,855.3138474463176,921.2664742228042,1
54,375.00750570210425,984.8761452724616,416.1714469502899,1043.0489706450048,411.3444209997924,923.6285525958912,344.930203094284,1105.851115297518,351.3821037600037,889.4201606341271,249.0381073672688,1111.2831818680831,245.79475472280356,903.3950976498596,609.7246403687951,1019.2769459676076,605.0098612032568,942.1402047050078,739.1605402000238,1056.3559446538047,741.0207084189466,904.8717624908156,856.5252856687389,1030.3957746451083,853.6256748654907,921.2992172745728,1
55,380.8033781119844,984.7711690640645,413.4789773174628,1037.40910829296,414.3706003494163,933.631270700829,356.05441983871555,1102.2861392702976,355.6178341730364,891.2360098990862,251.75804594558295,1114.7780369766317,249.45125673465205,900.720081427446,618.4106433159043,1022.550793717137,613.1873708955643,940.5060052135954,737.8788337657913,1058.5579229574885,735.5418022959377,898.9645130121035,857.177397550625,1030.2947894901497,855.8611911977065,920.762080207281,1
56,390.95459604449326,986.1090895115324,429.4821995907549,1042.7290910416716,425.72930731605953,932.4099767321966,363.80711316132266,1106.8835920099823,362.77307056481567,888.3975986590025,265.2816377101546,1109.09298214993,256.8154003902281,901.3301219842086,634.8703873017984,1026.3758131443449,613.555426504584,940.5073075361064,752.6940070699188,1058.826291366678,755.6613603648965,900.5618270436777,855.3488757427399,1028.9404474015976,854.7713194494904,919.7320345865288,1
57,392.6994346053144,989.4985543726824,440.44865740911234,1041.9576559970697,430.1688227758916,930.7556860907652,370.4272843895405,1105.7869436248625,370.5322239581878,885.2752232604129,278.9568069170293,1116.7616988384575,262.1156994357066,903.3455845050124,634.7361351578691,1024.931670671697,629.4518742852774,939.8448767511396,750.4137162703375,1059.8326346000094,738.6794954654608,898.6101521331541,858.2553229561397,1029.5250872878971,854.6582471161731,919.4488736165964,1
58,399.9262330311947,986.2214376994742,438.28032375777184,1039.655367075565,435.1534003864184,934.483623294424,374.71516414488553,1103.0188490554397,373.43693937839856,888.0245794538713,271.8964461387366,1125.8447848620615,269.4780352579912,904.2868390668413,634.9747703661378,1023.8939106735914,630.8765440644461,942.462184101584,750.7480179844969,1057.6878499319062,743.1637937845892,902.892579380683,857.8769991394756,1029.405701445973,855.5414506765893,919.3105839176444,1
59,409.2742407120405,985.7370100504857,448.0608487966312,1039.153386325542,442.2220297070566,932.1672711733244,379.44659407334143,1102.228516880683,379.9250640546701,886.9777422140488,271.97629345719,1124.9502372881843,280.2694880729844,903.6222190212276,647.2688559344903,1027.165069692193,627.4443447636379,944.29373220518,767.2438101898708,1045.8404162068475,744.1789460399216,902.2163134370984,856.8793603626742,1026.6732471922933,856.3982474881433,919.2779612768932,1
60,413.0166943454618,991.8148036567188,459.13588187784455,1043.4221916563104,459.1223007618838,929.8692625607752,396.0109821314619,1104.7274316119235,383.3277641068199,891.5922812098182,289.22843461848976,1108.6180205558874,281.83309173087923,903.770020601944,663.2152317280267,1030.0637658180165,641.3140776873564,944.627639355684,745.3782951940331,1060.9054346771295,745.649965730228,888.8226421504753,856.8471768680567,1032.5548679595656,856.4617102415881,918.0728373643144,1
61,415.7013715786183,989.1114551507752,460.53991746840455,1044.9415358544095,460.91243381773074,931.0006754228424,395.90246178238846,1104.7943101780631,383.81570152560505,888.7530896525275,287.0034540521153,1119.0215055422254,286.1861648609176,904.3031783037376,664.4346900414118,1028.4152589415382,639.2724582587789,947.8425928006534,756.5946937630483,1060.8072668204493,756.9733631347339,903.2271713268048,853.3128098889662,1031.624478263771,857.7576795263004,919.6053689232124,1
62,419.941718097781,986.7620387697466,461.1642898539728,1046.6968035785528,456.4391959380111,930.9559175041474,402.6297157235511,1104.6955785253836,392.2475276594819,890.1544956316587,301.25085768681043,1107.6763781478176,289.5977622851904,905.5810506513766,650.3825825863603,1032.2442216613904,644.4569273949909,943.6794934073064,747.6217683114993,1058.7071170848928,745.3724776814911,890.5287478725145,857.1054524594072,1032.0837527912038,856.6937008821762,918.4829196187172,1
63,430.0911351763225,987.0890892191376,466.3285185735774,1043.0672714379148,461.1831614440997,930.9988941470112,407.2535529775334,1102.8924645753928,396.8622348274459,886.9940683335439,305.6881149847579,1116.656929145045,299.1998218838973,904.9393779858344,664.6166636016806,1027.421086386317,643.1417423044907,946.8138350711686,745.3508999133761,1060.957832136722,745.9452826769051,885.5061366118376,857.4665186154051,1031.9774937682257,857.2246180461193,918.786411888016,1
64,434.3058731217998,988.390138669543,479.9958223856317,1046.1970460598825,468.3299464708186,931.8801238587636,417.918429827349,1104.6869788916124,403.3955067527929,885.191993012663,298.21334332886534,1123.9977874867975,302.4722265980178,906.759607790149,663.5395953869169,1032.6298907502096,650.6503475471962,941.2519104317828,754.0448003999588,1062.3185009644542,747.6336283491553,884.3131836296267,852.4718402173025,1031.4351410203608,856.5989371052954,920.3133120456224,1
65,434.2843375435421,990.8809670273826,482.12904336083534,1047.6295039550423,474.07092795105376,931.1865960877228,428.7385142888142,1109.6159305614551,404.5071273724341,891.5807365512778,321.510347458104,1122.454320051318,314.0250142746071,905.978040057539,684.7789553082965,1040.8376108767968,664.5129810229079,938.8352808227093,762.4505789847306,1062.5307475811064,745.1388617268774,886.6585938217534,857.6329515752308,1031.8956411839583,856.07280145851,920.6776334046442,1
66,447.1426761227869,991.6442356488006,486.51030199425423,1046.5657392133255,493.0743540154942,937.8383401594646,436.0163811930444,1116.467972642617,415.5225013167402,885.404821840128,342.128721232222,1122.1155386090193,321.9780180079109,906.335386658836,668.7521643074343,1031.65984345043,668.3772612176108,942.4191465805244,752.6823760629164,1065.2814486445443,743.4544765437687,885.3725826311077,857.8711514913214,1028.8739273777612,857.1761988229342,920.4981718827136,1
67,454.59044744196416,990.7225908872224,499.379129943054,1046.188157170595,495.84270662697145,941.2398545309344,451.0776472649741,1113.6989605277886,415.435491098074,884.5726471732067,344.67247864979913,1113.040999749581,325.97966168109707,905.1429079211346,668.8732585733361,1031.877716086876,665.8948876984872,940.040745115035,753.7884548271585,1064.8346433842737,742.0458656975754,883.9458237423081,858.4376581437565,1031.5424144557082,856.413003223305,921.4769251008494,1
68,455.8168580411159,993.7427037818568,498.36746404322906,1044.981056230196,492.5358614282893,931.7541954606706,443.45224643404674,1114.6257594190563,423.2174340460173,884.9500681073416,338.3996431229173,1124.5860901551594,336.8904141548861,904.0868710105162,688.5878850889763,1031.9931680537777,670.07278452304,941.928536935732,766.0820917097273,1062.6505546934195,742.0628662010163,883.8834333454836,857.8955010660912,1031.533769079204,857.1309525448881,921.0698356320104,1
69,459.9875785718504,992.9541918777702,508.779015410861,1051.458582377101,497.366766166935,938.939050902872,459.9582104131056,1112.2875644703458,429.9725984193879,881.2608544814245,360.2568231943525,1120.57380132514,344.4439636498341,901.1822868532156,687.7308068442871,1029.9575888628824,671.900861663223,941.9018258705112,754.4416797176603,1065.2180778060567,744.0380801336042,884.8702520837161,855.7350592619421,1029.9683720394587,857.496292600396,921.387875435722,1
70,465.4424726389474,990.5968750582996,506.220457724384,1045.783182630462,501.03485013170575,937.2622306201496,462.36335841204937,1115.812854640717,438.8377636089746,882.9976441595679,361.655171943734,1113.8859420204583,351.0518268242924,902.6700234956204,673.22500171835,1028.663337926143,687.080091915453,937.6279747126998,756.9583783689184,1055.7125771527428,748.0364959478687,885.0861739271446,858.6808967342301,1031.642769975403,857.1126461649127,921.6197954636124,1
71,474.0509800173061,987.1897884820158,512.9738685399565,1048.466593274993,507.3082468506573,937.9034751202586,454.71668451753175,1124.295814844898,436.4852122987665,883.6079437009208,365.4893600553158,1109.8966173876918,346.7906458821191,899.8896766006728,688.1837196498915,1029.165546717143,690.464130991922,937.2438985472826,752.0344282529753,1057.3181712916455,743.8933046338461,886.7269395187793,858.4233738635079,1031.1282920416973,858.5704343123615,922.1758024172254,1
72,479.0899793627358,993.1129635659148,514.4133328957427,1050.1651218478771,508.82140885093895,938.0407544429648,466.67678981825645,1109.1099570762754,451.1680453961475,886.3672583563902,373.7514272622851,1107.2005218797358,360.3979465927352,900.3959649034847,706.8504545809543,1029.4809812031451,688.6782892472722,943.2679245140866,755.4528942529804,1066.3084443013165,741.482257421367,880.6672153851288,852.929063838542,1031.3255037620258,856.7582915446228,922.0357842483912,1
73,481.481268328405,993.0204381284076,522.4355936236437,1054.9890347494088,519.5371557863233,940.1791801144324,471.3374282216219,1111.0496786707556,453.9543747374853,885.4138802466018,373.6507086884061,1116.9025595480691,369.575678772052,897.7724072794806,720.2418769072493,1031.4917463068573,689.3740388351856,945.049839398162,767.9105438708639,1053.1823098142738,743.3854003628456,879.0988316140046,864.1252553912535,1027.928488322867,855.282562662628,923.5124382002226,1
74,485.8596091648692,990.318188803937,517.0771964659771,1049.1925176638704,513.6486249906344,932.1120186608824,460.459691110916,1125.248767816346,465.6076412424154,888.7035253834497,381.8963281083634,1119.5179864013137,372.7113642401131,898.2401391673317,713.351474955426,1044.8678927453102,685.851201825086,939.711699475268,762.2739334007233,1063.5130285393395,749.5193167439672,877.9721497613485,856.6591842214834,1031.419557547587,856.7087191320054,921.7702261583496,1
75,487.23373549502287,990.274787022733,518.8913897947155,1047.9783447624393,513.8185985500697,934.3145157746058,460.2605831111516,1125.7562834370408,466.33096558529934,886.2967122993778,383.5584420066506,1119.8230339235283,374.5499084829819,897.6881817909482,713.8224530561072,1044.7642787285888,685.599648484328,940.3987903020384,762.9805318090788,1063.3324212628547,750.2342439658929,880.0285398776176,856.7651544280727,1031.1208709559835,856.0322067796486,922.0517699881392,1
76,491.4594327581874,985.0096683095784,519.6188045447142,1051.3093951447408,510.7750001468336,930.4772191324452,473.6710174930111,1109.7356850359915,467.14485079166326,885.7141301633679,382.99853337911696,1105.9140815146263,378.4737714710409,896.3296084996098,714.6261551042217,1043.1382012630015,686.7239746966815,940.8045485228148,763.4311944889619,1061.4150396539044,752.3152278706683,880.1806506087551,857.6146599282213,1031.1453796431565,857.6168604976024,921.3029849958456,1
77,494.7793639279776,985.25117648515,521.1865421389417,1049.408284789232,513.1358079451423,929.73613506376,462.1963341245415,1124.8522509729748,468.5091180888202,883.5220005055021,385.477530202878,1106.4992911670245,379.83433141819984,903.6486341040596,717.4110232032011,1043.607973747618,690.8128683340719,943.0177447272084,765.0965795033309,1059.8328966116924,743.577540339357,879.7116779492762,857.379330261786,1030.6870482232448,857.1774631792919,921.4280560540418,1
78,494.490521429264,986.6035516361908,522.3324883092674,1048.5233640425529,511.9793102924163,929.1698810653072,484.6207307932125,1131.482882082769,469.174007470338,884.5314232169662,391.53939434393794,1114.9071431492814,379.5044747068606,898.7419564543535,716.8713680510402,1042.8385217850214,690.6854040694019,942.7321203765756,770.9463411685858,1052.1816565901108,744.1149373296333,879.455006057773,863.6557746956655,1027.9684378731172,857.1585875710833,921.4176418464208,1
79,494.21559289853496,985.8179679607136,521.7874301766543,1048.468610664048,512.5368807312726,929.3987225400095,461.7814966606071,1124.7419921516234,468.3510400600954,883.991870529769,393.125724271618,1099.1363121778277,380.219674656078,898.8219752931841,716.3644361557979,1042.0156611457282,691.2848000594636,942.4996655623236,769.7000286762053,1052.720822145797,743.8331522774168,880.176184617098,863.860680787244,1028.008024172254,857.3271608290653,921.3345323460318,1
80,494.53093395509086,983.3896900992636,529.7808183092135,1051.0894129610867,511.7072781288732,928.4554724094188,472.5937708084543,1108.6220122820134,468.2801222584182,884.8771864802062,386.1604440289759,1105.1853136767545,382.17307191211313,897.6459249234393,715.9179469233836,1032.5366838778932,692.7476389355405,943.2009914602804,769.9248242719275,1052.597639657048,744.9048884978374,879.4519036241878,864.0184534417637,1027.9833257872774,857.2229478635155,921.4128613944968,1
81,493.0333651460813,983.646629047604,522.6196364959598,1046.6527365096608,512.060467505486,928.7685989054752,482.8930762282273,1130.260517868726,468.4112496741881,883.1402565467718,389.1339322649456,1108.6383182208913,379.8783588781468,897.7566889329136,714.5847581483918,1041.5010634736925,692.119910112438,941.9679658260528,769.5612575297857,1052.7738514268865,744.4637925355114,879.8277171721448,863.958759481482,1027.9159709585667,857.2214049201638,921.4619611730304,1
82,491.7752035820593,984.523427768458,522.6187471605556,1045.9338040320335,512.1077978285454,930.3517979405368,459.8397332577153,1126.6739929782216,466.9260207078236,883.7829823041997,383.56591028106845,1104.433897804636,379.461503332706,897.0007149320066,714.5419575427071,1043.1474036245463,690.7741876014342,941.3222210482584,764.7806645307801,1060.6634586370667,739.4371476192002,878.1938493155453,857.0669578978857,1030.634052576518,858.6843385559994,922.8473035488648,1
83,490.769930617552,984.5354224547668,522.8417989088438,1044.7605533866126,512.0551797100409,929.4723151975656,481.4835412232556,1133.006388196868,467.66106981294826,883.4263416881688,385.5419788931064,1105.7123964241025,378.6394316198301,896.4836041004145,715.5521782725002,1043.639581976,689.8009948333621,941.1238375067448,762.7507136113002,1058.0212508852564,739.4405924545307,878.3581538484169,857.3141127786029,1030.6516406572891,858.5969553254205,922.65669055409,1
84,491.8226092441494,983.4296497398226,517.8345405667903,1045.022594667725,514.4182965659351,931.2230866801468,457.9043438716735,1124.5352538344969,467.0664673942893,882.272775216982,385.3570185588147,1107.0362516539135,377.1639036419177,892.5945818450502,717.6461238389827,1031.2007021150723,689.7871726325026,938.5599136072252,764.9074403641282,1052.8025294296187,747.5156119337937,881.5914318300538,864.723219604889,1029.2675826095815,857.5581590034872,921.6978046492916,1
85,490.41264848994336,984.044303585728,517.9363721492851,1046.1444634431257,513.0589849028072,930.8647488741908,455.9593177864858,1125.8211735396767,465.9379355898139,882.6300594265368,383.680446200625,1103.5179130335578,376.59390393717234,892.0581386546543,717.7903140381811,1035.0306893376023,688.3459992526566,941.2906007115058,762.3285578813292,1051.3871228108069,748.2746409501768,882.0779703716248,865.7468406369688,1029.213119159281,856.4426806069164,921.3978120353974,1
86,485.8068356805412,983.30991880934,516.4005260690756,1046.360450537217,509.43297427094336,931.3569554785086,457.7000525465867,1127.2323879715627,465.4739891320118,882.6278829469478,378.7546939750641,1103.82879948108,378.1824900176962,895.3516974859077,705.2525599446191,1034.5890755411635,687.7286210078721,943.2749406420774,759.7328824959743,1061.5985844294698,742.609628000247,879.7580139922536,857.2331725419419,1031.7095368754592,856.5950020640041,921.5619729495417,1
87,483.10416145969583,985.18039767835,524.0896824711475,1041.30516752962,514.877533832049,929.8345983142278,466.0972813232977,1107.383734978445,462.2704436224056,883.803221445413,379.9538800620288,1103.8009233215466,371.7028485162981,889.6395145278921,703.2628460947342,1036.9936226782424,684.4872399021342,945.353982996888,760.3504134278613,1060.0316244009048,742.619370508876,882.0079617917231,857.3557508193314,1031.8187785936927,857.1679831853303,921.1419873934824,1
88,480.1801143790097,984.7072523398754,508.9545225384021,1039.1299203036026,507.67591538447857,928.7839005222924,460.1985064284544,1110.2848655594175,455.0531934978748,879.617621767267,373.3566139082295,1104.5561762017244,364.6401552416103,892.983925824302,683.5758211212753,1029.2425754611586,673.0141435084944,940.5942927240712,754.6420185897688,1055.2196844074326,742.7209690426354,881.4026206280711,857.3669719820059,1031.6118801770012,856.1698756323368,921.74212666665,1
89,474.6331116498989,983.70874296997,506.9927370346724,1039.1273587105643,508.8947120537528,928.3623671128768,454.1877653446867,1107.4901594824864,451.6279356005288,881.4415659403469,368.3523564034848,1103.642077645688,362.8699063324649,890.6362493488388,683.5761773911812,1028.0935677914476,670.735036703638,937.9650973082464,754.6766598109925,1056.3532337241977,741.6530486604172,882.5503690272549,854.6299396472727,1030.3370302131648,855.0935770476283,921.2526935518532,1
90,465.9125339473332,983.2725207618192,493.2869935748791,1038.775126214066,494.00507833929765,931.0504502430284,445.9296094053588,1106.3841284556393,444.7586540251931,880.5565394556409,367.1221169073653,1101.2285296168948,356.03301317391066,894.2688983858377,685.110465795073,1026.1488457763137,672.945862907737,937.7113973490024,752.0924707817007,1062.0908966456857,740.7458046663877,880.7154827131935,858.298779848493,1031.6295234181266,854.7296865150739,920.7800705550262,1
91,459.9122027085878,985.9643103987044,500.71506574653057,1046.4110070199847,501.16606594527184,927.545046053066,446.5901388334515,1108.012031594416,441.41146477549216,882.8040625959701,357.8348815394626,1102.821525669028,352.5663275154421,889.7734923015878,686.0525023580682,1029.2275785716645,667.2245646701213,934.6890619797886,766.129103264976,1044.322724128628,750.4319744333334,888.0115037591557,856.8791433862654,1032.6159708329983,854.3317398944353,921.0727994920226,1
92,455.9134721445944,984.5093275710644,487.7544621342335,1036.0372420289252,488.9672370384821,928.4943496961964,436.8126886315711,1110.0259374748864,434.70768597408136,878.2739360957878,355.00259254316666,1105.5817659421498,342.418508628875,892.1860851144896,669.8627138571869,1030.7441062282587,662.046039616023,936.1322021484376,764.3736542898904,1043.8551705028974,750.1772253783068,900.0977791275373,857.0996222229401,1032.9691545092649,854.5217569426225,921.2571955112568,1
93,449.64804317690766,985.4732513988308,479.6047572320707,1044.7063280675975,485.4183066061786,928.532510571056,444.7598316579553,1131.4765292244042,428.0478315018553,880.9867239594022,347.5407192641954,1111.187362951185,340.93997110781027,891.989550117532,685.2942849941774,1033.1188812367975,649.7676473352161,936.9150399145706,799.7874963609078,1037.0175003006914,744.7101203610899,886.5320653866356,873.2013732156146,1031.8954676306485,855.350387713379,921.4665885886052,1
94,446.5644298077249,986.4951447228314,472.57800034025706,1044.830185934343,469.98315401908167,929.3382089406056,439.6932660959787,1126.7207743401566,419.6536665123988,881.654968401862,335.5981855367653,1117.9254558487555,335.4004572457858,889.1616946857349,669.2863575472788,1034.3031229191542,645.230898317652,934.4145921290929,805.0988752665228,1035.283112200107,753.9384524936949,893.0851713092252,874.4342760301845,1031.89209477679,854.234563238599,921.570195205767,1
95,495.98074849157246,486.9011980290802,538.5056888297568,521.0874088015477,538.3290996663127,450.7927558669092,602.4896822236138,529.292932604272,609.5924046321715,441.80746175190006,630.5600557618704,513.3600802004644,644.8262540571711,469.4031783082221,647.1280312135099,502.6360187068045,656.2637951160128,459.2018745192529,717.9044904231405,486.5960879469514,716.0923296577444,444.4022344158994,828.5325075653036,483.04831320533503,804.98688865235,453.1674950548518,1
96,432.8594112768285,988.9921903925552,461.3273168199239,1044.1760345840175,455.2630270969108,927.6696647290884,399.41905670265226,1109.1239002011964,394.2507221732865,876.6324285301192,309.96802018739777,1124.7209720205158,316.3169896556125,890.3887475298925,643.8430314876323,1030.733881382098,640.6794538361509,936.004589341477,738.4649325843285,1050.898348256825,742.4333038627714,901.6078624403012,855.3827339403031,1031.5878154634115,856.3334530754734,921.2743645078727,1
97,427.78702845344,991.4539230088816,452.1248477395086,1042.7116795413026,442.1550027477725,930.877625453481,398.8425122125871,1107.4610738312822,390.6811702762996,883.7231400466684,305.4807458091309,1118.327927992328,304.0704627712929,889.8515690923351,642.7711894577284,1028.2223766363345,628.3169979298843,940.9288954331892,737.6609358768934,1050.7469102129353,739.8834145177635,895.5568738232458,854.9679387499358,1031.559210110902,855.7212998436082,921.3253797633432,1
98,422.8805312936731,992.1325447872928,445.02409251675647,1044.4443769265763,442.1395411696018,930.4698189000362,389.9395897794607,1125.4738435878376,385.9518483339267,877.4156537641068,309.8163603744209,1108.521725376418,298.2265634871584,886.7065725669889,628.6879311550423,1028.551953026339,626.6217371391226,943.1802279593576,735.5772846355859,1049.1511796871414,740.0741183649268,902.7965330954952,855.5393003332289,1031.8766384419057,855.516108635653,921.1275979405724,1
99,502.2145716266607,481.9484278491804,541.7535551192701,525.4000323069263,538.4256131503299,453.8850850169051,609.9501354455638,529.1959876089215,610.5526655393087,434.2113885592223,650.1706192366323,508.79256809747545,649.667417125677,453.7339116754469,667.4936268016482,498.206830609817,653.134535899863,460.09473230276456,737.2116326479669,487.17706572387607,714.1207032023852,444.63615467932016,830.6777547425814,481.0700873291554,804.9071859848359,453.4275875610083,1
100,404.1556947973832,993.3131552933772,441.2393006918799,1044.2582194757847,426.343254119119,931.2342082184084,376.2404922267085,1117.6983391441554,369.1116211473244,877.7143941706897,258.60917516740614,1117.813359245844,281.33188828070234,889.9474202982211,621.9608669008172,1030.5620837859772,604.2156039908896,942.249785457614,724.0995942352652,1046.8171681804224,738.3862505095523,906.1477560229724,854.996778028684,1031.6622953954468,856.3528138670406,920.5439808752326,1
101,392.5861876528657,993.3240420637896,428.24011545962566,1043.7347426684266,422.4364010100247,930.5122203953034,368.445125872509,1111.9056772292315,361.0538489486833,872.2508767805583,272.07961708733563,1124.36729459181,271.21037209142474,891.1886527168673,607.7574572420554,1028.688084071914,601.6119031571287,947.1587214865816,728.3387266240907,1045.6064616363772,730.5402837835145,908.396441861166,856.1417490608205,1030.1153501668982,857.2314390745522,920.58593873326,1
102,387.1868127592208,990.300454077346,419.4579337012163,1044.3909453785132,417.1700855597408,938.7708508381504,366.9222073003126,1124.0455805703527,362.27993776646326,866.0109457875069,270.1476082473179,1114.4849875041618,266.1219873415943,897.7038776024925,595.8328336112986,1024.870651211483,619.2389674986601,939.0334336324968,728.0975499791813,1047.8298625063144,729.5307668876895,910.1346051666686,855.6395102849397,1031.2276156591547,865.624058776776,921.0156130037442,1
103,373.2855514556131,993.5155359530256,409.6113460426678,1048.317481383605,406.5191519554941,941.9005080761934,351.0291119390718,1118.4234845612,347.47711236207164,876.9688770930441,254.9869388535677,1119.718139782975,255.40164773888952,893.7977630368583,592.0109394901905,1033.9424979765568,600.5763899427396,940.24619590877,736.0800457620807,1043.1053835429486,727.9516956245016,910.6405466992044,855.4175902963149,1032.1980282281097,856.771954361577,920.4634235502604,1
104,370.8486539148695,991.360209603068,398.31510149455966,1051.4948072580623,393.9641338393034,936.3821323683472,340.8389803088997,1119.981863454893,336.77435965159776,879.1562793571927,250.3610527127865,1121.0321448534223,247.0931159903541,896.0770790161761,578.540463416567,1025.748851139873,581.1156097531164,945.8277889142398,722.1454598286682,1046.7343751793833,725.5376094029381,911.4716800462666,853.7536150217055,1031.8779125115525,856.0746993324071,920.3404435403728,1
105,352.1993300012556,989.4343974991464,391.1705049829768,1042.5506987561207,390.92384901406393,941.2122218841844,332.62627356074097,1112.5843581200347,331.056773702872,882.980356097309,227.88269856506267,1127.089829399339,243.49804604162009,899.3844642611132,570.7822214580481,1020.0869475174792,583.9716836162909,938.8381121633336,718.8425819205679,1045.9482163563098,722.7633235916514,914.0758124806268,855.4124444730879,1032.2028682128548,856.2001183935197,920.1689314999886,1
106,350.43903856810726,988.4505419482388,383.9326849591437,1046.0763996020562,386.1494348201082,941.1790274592728,325.4656539440775,1123.0964323179762,321.4137768838433,886.344785220828,228.60168070104868,1119.4716234508462,224.1667189415161,897.4652552552122,583.4959722154317,1029.2821846316615,570.8251767598761,941.6263685149362,718.417223172628,1043.0391874180218,719.2672724531592,918.7506747053092,855.2041286206834,1032.2752197624393,857.7248374011333,921.7971965445043,1
107,342.59528145213426,985.0122985167158,377.3227464455156,1046.876511304016,374.7771604659498,936.503436041614,308.1297371198359,1116.8119189776016,312.63266795323324,886.9336287297369,212.46793640295456,1123.7068906135196,224.85774473034047,904.6002255565188,581.7231785212443,1033.081736792369,566.1021668889277,938.7145401886684,716.469377733486,1043.0605983804203,715.7776998016396,920.1904406747252,857.2855874124831,1032.3526877712277,857.9220552283238,922.865134637904,1
108,323.3431291022133,993.2236381106128,371.3818761183164,1050.8016366839497,367.41799035835015,932.1296531570738,304.52067877443307,1116.5516065027152,305.41167766437104,884.6144442589822,199.3285402116912,1123.889350302512,200.9114634758164,890.320261913919,564.5673293472111,1037.1144560590376,560.990694241964,947.7570007584884,708.2992442345587,1039.308111035237,707.8934159793531,922.062046967562,846.3771704486504,1031.6118835404377,853.1506837266938,920.88057541129,1
109,318.17794608821794,989.3963933604156,367.870999597914,1044.5699111299425,351.34169659161904,934.7614175654963,293.1571152864413,1113.3987617352534,295.9187223759367,883.6391133372176,193.20827459327884,1115.9089977928684,190.5774356360863,895.3003405053155,578.8273952965308,1037.0978865949307,549.1301543256861,950.0946394158672,713.3767299379266,1040.3804310974526,706.402372848848,923.529319118525,848.2359256421945,1032.587847797245,856.129380066156,920.18660871182,1
110,308.1519015278711,993.810016903958,355.12697594373526,1042.6389899663766,348.8274395946408,935.5304834056128,282.43961111001755,1111.8220218431416,288.258818277922,888.5636864857671,178.28243394511884,1118.3493403001012,180.7719997466773,889.8417418043374,563.847567703386,1036.363038589287,549.7295730848771,952.9660289800842,704.5527695059311,1037.8854299344885,706.5813435627673,926.9216217108284,851.5408969080494,1034.4777242757225,855.0892527546777,920.3660749425616,1
111,302.79693916033085,995.4019123556684,352.41327610685545,1048.435938917128,346.2461636745418,940.1292754656072,280.18415205500366,1112.557209808103,280.6599130122032,882.1001878860328,173.372906063561,1117.983156270091,177.3783011182232,896.5231419660694,559.9454813784834,1037.8547599366443,550.0107865649794,943.8573895860122,714.1511214197999,1038.4868543766422,712.9872010309147,928.7660090595724,851.5723978310474,1033.3487169432517,855.3779942781624,920.0149543980832,1
112,306.94616563298456,989.3221219614268,343.428411595378,1043.0645894338593,339.3374700757089,933.1009684723148,279.445087546955,1112.5496716748085,279.87389989885145,887.0431785387296,170.6190013017394,1114.133602593595,175.04091354588385,897.7136382944527,558.3275043700854,1038.0837441892156,545.8342639243493,947.8163876067532,706.7592293946424,1035.0625790855977,703.8441312514603,931.334568446914,852.0121321659559,1036.0576604412902,855.6260960867872,920.0284774298182,1
113,302.3208112183411,988.6639069074396,348.6909038409765,1040.2473614515409,337.2045437598259,930.9373984242256,276.8410183890433,1109.9819316205342,271.27159928469416,886.4425118787599,168.99145054414151,1118.3874170890545,166.0619475782615,896.6537065246717,542.4235956814571,1037.1110624359603,544.3198877937307,947.2010906928608,713.3211036156306,1033.5898053619812,702.1819432907204,932.886378549636,850.9894737992702,1033.415281028103,852.1175942526371,921.1836311065651,1
114,295.63968803544657,985.9802537591556,338.23709296932145,1040.9318442698527,336.39347924677696,931.5260401269604,268.8818135838205,1104.7050311265843,265.0769382149407,885.6548115928589,164.50702431608082,1110.191604199434,162.28026407437764,895.1682408744146,541.8095216391455,1035.862519252309,534.4925082396469,945.233758313966,711.2592143045134,1028.0235403763031,705.3983319286252,934.7703649785744,849.778873681712,1033.9617677754466,852.4129867057651,921.1315681407068,1
115,285.8562850456089,984.8898485843793,335.7489149964212,1037.1980230708407,336.2835535736481,931.6835000670894,270.9572860199391,1103.0382170666676,264.3207600274848,885.3537833769475,163.62686754978213,1108.6371961785626,156.2994289863249,895.245290471735,538.0679215132337,1030.412045604249,534.3429180735574,942.5236835241492,711.2857363220928,1027.1789344490494,713.714023783551,931.2596701034108,849.3477623174342,1032.7470970854524,852.9663167291251,921.041709905508,1
116,284.843014591847,985.7729382763708,338.15582994676845,1036.8013124935424,334.25821574673694,931.8359982660814,268.9912542828658,1108.416391971092,268.87434020309047,888.0584243673511,155.7958186215325,1110.0113011457568,155.44287551984056,894.290893913454,542.4096623136721,1032.3865683371316,531.5921212978883,946.0594001786836,711.4895575316272,1027.2603874570916,700.5407618608214,932.1974075620092,847.019922209344,1033.6501037014662,852.4706836794691,921.1329215874488,1
117,284.74179040936093,985.1322238538128,328.9226051300803,1037.377611730661,336.0305143797816,933.540517118904,265.59957545197364,1109.3281626929088,265.3493474084782,889.9627178789149,155.19890848464863,1109.8715476793543,153.8716450407229,894.1492771033764,547.757082072284,1041.0722293895803,532.4610180600566,946.0141152095304,720.9599857801578,1027.6899749509207,714.0778798275712,931.5145270847206,846.7015562069896,1033.4179754768725,854.217901593377,921.1211044905732,1
118,286.53262294625426,985.0970261662784,328.8175309556978,1037.0179729475683,332.5488581862034,928.713639684673,263.6891453845913,1108.8251856930724,265.8184068751738,889.7387244612045,154.77365079564763,1109.6575712474455,154.71517749508584,893.8854249481942,544.0033835025386,1038.9687229131268,532.6057687816445,940.4039814295268,710.7511278804784,1027.394603362073,713.8065682400032,931.2916039124208,846.6059446148817,1033.4532094895185,852.7804026027029,921.2935394578608,1
119,283.68191958403867,987.624847277572,335.71999786734114,1036.2037375041618,333.5171622882739,928.3816456567008,263.38284032397524,1108.9214768364184,261.01655922878547,880.5613108683299,153.61060902728215,1108.519637355202,154.78582474593222,894.6017830517255,540.4427309867154,1031.635720885737,531.3167501084981,940.6692206658132,710.6511740814724,1025.138935030251,713.2065079271096,932.2370490215002,848.4374220566569,1032.683884328468,853.7349218176616,921.2048167187356,1
120,281.27095809063456,982.7863696881028,326.89091170252686,1039.1485456681094,335.89741006784226,934.7877566346696,267.33902894628994,1103.2042578053247,262.77597940789707,878.7818364935882,155.22116865696304,1106.36075526454,152.72706401363615,894.7132688546163,548.4174778991619,1030.7420383876602,545.0193433922816,950.7362888736992,711.5851155493132,1025.4057833344336,706.2738009330045,933.7377584374714,845.7971871503772,1032.9645408837785,850.9740105468987,921.9938859231852,1
121,282.4442312342293,982.9265220580428,326.41132687096166,1038.8921980118594,331.11478341726394,932.4789608094204,267.7274743106182,1101.0633949879598,263.7035013206293,880.2744860547506,154.7998647603009,1105.274073413678,152.01073548573666,893.5183960230013,549.7793303292501,1031.4184038889575,547.3816927945815,953.578242316656,711.6021682878154,1025.1684565827918,709.4104641342659,932.2866576879364,847.2520005780481,1033.3400470136633,850.3717289045355,922.4637663741046,1
122,282.8592856745726,983.6240724988234,326.5678298116815,1038.7518996687868,332.27855111904665,932.3118034099324,266.5301343647494,1101.569798320291,265.11263384775623,880.3057515489802,155.0969228756908,1105.368758179877,153.3565396977339,893.5161290669774,550.865657543485,1031.5147185763572,547.0070857034393,953.9735671582248,705.6561548161103,1023.7206116395344,709.6756856494204,932.0091553631293,850.6787240706742,1033.723463945578,850.1959431900004,922.4496443143756,1
123,282.4369611851725,984.2214396278443,328.07528814506776,1038.543038350707,338.5731407073756,934.0003580489988,261.956085830113,1105.2919507499655,262.87973899990124,879.4375235048136,155.64772016825384,1104.3704660879523,152.63596171365447,892.4438669399511,549.7352787608132,1030.9585548866155,545.532698860714,950.3846281613612,703.5657585550812,1025.2091380167674,709.822867980084,932.2011537572902,850.1925221283196,1033.5820956934383,850.2901497928931,922.4782540393524,1
124,281.9637912209539,983.2607056830054,329.46791640183704,1038.086282364329,338.795558101024,933.1306333072392,266.9982423831954,1102.8139155581978,264.1750027764448,877.6835575145803,155.76224085258414,1105.0486774430567,153.80909824247323,891.9451823574406,549.8957984438177,1030.5026404319838,545.4189148246854,950.444627155021,711.628366180142,1025.5277966927467,709.4666643725569,932.2992571200808,847.4106277445977,1033.232492058703,850.2201132904568,922.5116573336544,1
125,282.33276161322823,983.3129015045952,329.458064065643,1038.1117745202575,339.6756236233854,933.5102811725064,263.09837956422325,1106.5919753613498,266.0140934784173,876.1906048552593,157.14150496980147,1104.4325416671452,157.55397498840162,891.171189755924,550.2491297926487,1030.006444792289,546.1380925073115,950.4134797174032,702.8909016523621,1025.2848193682266,707.2310968307277,933.3958584170936,851.0609313632483,1033.796286039892,854.6596357819317,921.5042765643298,1
126,282.7328373148785,982.66865009249,329.9979991441585,1037.8795480833255,338.86188742088245,933.420817804722,266.29830444742703,1103.6812071901836,269.8891368581973,876.1203789973767,156.79739243962518,1105.1570096881314,158.5683137077659,889.3679648125374,550.6348857209958,1029.7057959719848,545.6734040437656,950.5760648616704,705.7023761486356,1023.5808891167457,707.5129384709272,933.3833854501516,851.0030445351866,1033.844635435801,854.601038088259,922.00628119475,1
127,281.79994791474854,982.563522529462,330.0182040677114,1037.7530384834508,339.90450744976147,933.582034703128,263.865559928904,1105.451810417764,274.301016873284,878.2335395448616,157.20561748053225,1105.8486505714434,159.75151017366366,887.2237809382319,550.4751187586195,1029.700244956819,545.7500797564403,951.7249169724554,702.1071855423509,1024.705040992664,710.3506068414457,930.88038481657,851.4956678742705,1033.7735172582848,851.5083946456214,921.671819077267,1
128,281.55919785617385,983.0153631901234,331.1616570183762,1037.7859772872084,341.5518991596832,934.1393789589888,261.7043074767828,1105.1878630773365,274.49640446428515,877.0915510302341,156.81903918480842,1105.7225943627734,167.58787167552853,885.1096883825658,551.3400356109182,1030.2328571933408,546.5713381426232,952.3166469823432,701.8519449420031,1024.6777931230197,709.33593474687,930.7931480435744,851.3513539516414,1033.8064412629228,850.8770830330519,921.5289695678084,1
129,282.1171125106911,982.8539424674816,330.04797202557984,1038.295376432196,340.58584451365374,934.7063749314756,260.7539407608568,1105.5801171016203,276.29983569617696,877.8311336609829,157.15983010082468,1105.3973796768803,160.15464832320788,887.8648128691708,551.4374044440657,1030.8819802064918,547.3341240653446,952.394312761182,704.3289087838717,1022.992750584072,709.5961115605189,930.8346555374898,851.233130605075,1033.7132172370816,850.9995019265361,921.5537221041084,1
130,282.8189387774126,983.2845470644288,331.0358636059904,1038.1811043587263,340.70827479170265,934.9050369655096,260.52836364825464,1105.349237384558,272.73976948543395,875.8310945554309,157.0372210181426,1103.786169944836,160.5055795379361,888.6820801140017,550.9349995874769,1030.9679664538942,546.1490029383388,952.4506812617676,706.6457226062472,1023.2740468649546,710.5598859452147,930.2106869912692,851.4911175642274,1033.78691315213,850.935185833002,921.678697304372,1
131,283.63804748991527,982.9849940516508,332.4940317969948,1037.9230063702587,341.4294380763417,934.4810368119576,259.7336607636649,1105.4023305709356,274.7207198992507,875.1411216001491,158.11831401135427,1105.0413639873027,162.9860605406048,888.911994524864,550.2010574638456,1030.106706808456,545.9590467892015,951.7852038762572,703.5770453464224,1025.2607667630075,710.1438028759702,930.0491317311776,851.4180705141183,1033.8619853852863,850.6396117290997,921.6872676762478,1
132,291.64613435110283,983.3120243204244,335.0907100285603,1038.3217081018097,334.0516796533711,928.6405999760344,256.3747815750976,1106.1796974557712,269.8929239001479,877.0985170430248,166.03467417941445,1105.2608430008956,162.2643889686376,890.494240362096,558.7423445127409,1032.64206100789,533.9599111827359,952.84975162593,712.5979399960124,1025.6452990103785,704.6356692270742,932.6255763584336,847.4017558203251,1032.142119172914,851.8160897950667,920.3715411991342,1
133,290.5866521914696,983.2727851279076,335.66520462730614,1037.9840379388434,333.32526138762034,929.7074025733608,255.07637331482647,1105.6309958856657,271.3603446449508,875.737481380017,167.117312794699,1112.125360739748,163.00394234328647,890.9104037092155,559.3494686131669,1032.6959654550883,537.9379379950822,952.9202061974768,713.1907409747338,1025.2749846806691,706.4531399710745,931.6862493398696,848.8760689982201,1031.9552991251835,853.375645361269,920.2715307679972,1
134,289.712791759109,983.2868120023908,335.9594407100206,1038.2129978065016,333.7299545347613,929.6856364320956,254.9750788159116,1106.3553831841823,272.0267829969428,875.7441786542524,167.4835676334614,1111.5844744500828,161.57150159421604,890.9768793356936,559.1296929407802,1032.4697474606503,537.4310344775414,953.801674713202,713.3339802279428,1025.1329925111074,706.5484957453178,932.0513140183,848.8561219015728,1031.9298506939265,853.389957265829,920.2332235836616,1
135,289.8098679419767,983.2839840252028,335.5041545575245,1038.0199580924814,333.1520901048757,929.6637525705622,255.3162635039291,1106.7859245485283,272.3166313345008,875.8306112296436,167.09395367705466,1113.6091177643966,162.03998178747446,890.8600846850461,558.5629237736774,1032.163487756016,537.9848302635321,953.619890402206,713.4806991398566,1025.3467335024798,706.0692591474951,931.500132923,849.1380331885209,1032.0591102392686,853.7464239112112,920.2587470195472,1
136,290.6348989719842,982.8003131493676,335.6841485429027,1037.8978519033285,333.3682093229653,929.6600366462076,257.6231941848179,1104.5461344946666,272.08091392318664,875.2798771350197,165.63538200368495,1105.1583147013914,162.06477469058586,891.0542302969009,559.1037120248623,1032.501234605328,539.2731865758005,954.1993008178442,713.4225414261241,1024.7823226670848,706.5486176271277,932.364428405986,849.4259742766579,1032.1296529328447,853.7419526234404,920.2306212930448,1
137,291.2024460564354,982.9747301896296,335.7371015015442,1038.0697248404208,333.0618654208933,929.7676020278202,257.8601511743196,1105.838014040687,272.2072752244451,875.3944599899977,166.48287109652793,1113.6431288316269,162.57229724383012,892.0143319157272,548.703746125974,1030.8861878652244,539.9163945614129,953.785685610018,714.3986379278651,1025.5202895030654,707.0015116816844,932.395584588538,849.6366007771386,1032.012944386165,853.7554398167428,920.2224572242663,1
138,291.90287802789857,983.0574673576272,335.8439181840001,1037.7300514148317,333.0787199340344,929.6162473971488,260.3662896373337,1102.6687348510832,272.26052786500924,875.5401674112269,158.43718897071707,1105.9949089235283,161.77619874554895,891.7760122777083,548.7213975586413,1030.881453492377,539.3626966272203,953.8449258124627,714.4719330945157,1025.6053333156342,706.835072025056,932.186681563849,849.5923804492727,1032.0000913509282,853.5674915364876,920.198932342193,2
139,291.9608167561815,982.4508218534024,336.0381683230555,1037.6584532749646,333.3459062911134,929.6695982227424,258.8883648737199,1106.0290706727017,271.6622552636076,874.9885043355142,158.38646470802811,1105.5227443630604,161.55430286541406,890.9378432947253,548.8893614075738,1030.8649551649469,540.0736331877689,953.901641419668,714.4143486270979,1025.5086055982647,706.7321234158638,932.2952075428512,849.6051485733806,1031.9920251581443,853.5642253383703,920.1737920016948,2
140,292.2234851152906,982.587194393699,335.9406441240844,1037.5092229906204,333.1788237414217,930.0718140724738,258.7176097974045,1106.512290175394,271.00754644532816,875.0056881312498,158.2752281357625,1105.4269079562937,162.26544170602864,891.5928758653449,549.0873858646546,1030.9110517312638,540.069031814605,953.9539011465462,713.8655670721602,1024.4119834479473,707.9148437390867,932.2598981892336,849.3592741213477,1032.0477209714825,852.6798797428839,920.5414182731636,2
