FrameNo,head_x,head_y,leftShoulder_x,leftShoulder_y,rightShoulder_x,rightShoulder_y,leftElbow_x,leftElbow_y,rightElbow_x,rightElbow_y,leftWrist_x,leftWrist_y,rightWrist_x,rightWrist_y,leftHip_x,leftHip_y,rightHip_x,rightHip_y,leftKnee_x,leftKnee_y,rightKnee_x,rightKnee_y,leftAnkle_x,leftAnkle_y,rightAnkle_x,rightAnkle_y,start,end
0,247.91820899717828,998.8689306568872,312.2374072527544,1045.401679493766,318.17128477853043,947.824830336224,207.9129774393744,1130.0843652953654,215.19041440886852,892.7745559546635,77.83810217451831,1118.2925520426732,94.8008272768772,875.4664341620362,563.6885655158827,1046.9820397886435,567.3769957067442,950.028375685872,767.8370719086208,1053.7456954743038,770.7063465093605,943.1997611153048,963.9591613702564,1081.3266751347528,971.6395156622242,919.6106999696484,0,0
1,247.25185634333383,999.3830655200968,313.1485019083606,1045.2118700239082,316.5003039157902,944.486608456199,207.59494895587812,1109.88215999337,209.74966934660475,867.995673185933,75.6598197530243,1119.3850714734683,88.66466420214569,867.8062982720369,575.0884122811306,1045.735135271127,565.1830012466569,951.7772197513176,768.9641679185884,1056.253350767294,774.1540159267629,945.2745566273506,966.2582818029256,1081.295380378628,975.5326697916296,916.4223130987814,0,0
2,248.47379651274264,999.3024708609825,313.7848160325783,1045.2901936908754,316.64173905034056,944.003563179504,205.6985215681892,1107.9867627706535,207.6749677124817,875.9218044126849,77.18848150325223,1119.1156864656762,92.06104473267791,874.3086681043638,573.7024419856474,1045.650739929065,565.0522073316636,952.0165679281376,768.9103524117537,1053.5139399184452,782.4868944562458,942.9082541146934,965.7157982744384,1081.433725237934,961.4771067863632,920.4013812690864,0,0
3,247.08421862869488,999.226712823177,313.7447557585757,1045.9359895929006,317.9431381027162,944.2797201298162,208.7334107794594,1109.4142791052936,206.9874417983354,873.6405887645803,78.79861454659847,1118.366680159278,83.25244442229153,867.2192468019551,574.1357465528232,1045.6595642403763,565.9880346191565,950.7351318516336,769.206410024814,1054.1819640978745,783.4978022780002,942.9655051809476,964.5135663978764,1081.9284234758163,962.0112397549832,920.1601986741424,0,0
4,247.9694546059607,999.2641290332534,312.26305332853514,1045.962022589376,318.51201006587985,944.5593804353132,206.04369621128035,1108.9187184823602,208.42920985426483,870.6207436835565,74.78754780227402,1118.5338839741862,83.37148143039103,869.5396760804614,564.3996012257351,1049.1531459519656,566.2725214964391,950.9885481050312,762.8411271451198,1056.7822776867308,774.5973790916571,943.9256485063833,958.5775090628078,1080.1437451925285,974.9008652943784,916.2076128553942,0,0
5,247.46937318415573,999.5264770597504,312.3215940993846,1046.576934074497,318.53739496635365,944.75230848325,205.68908711248628,1109.310316636578,206.6274752573477,874.1171136837861,76.1720514979567,1118.5311259564717,85.55272919613921,869.5868886349222,563.4455907794371,1048.2197897054098,565.9486547403125,951.1210987727316,769.4496941535463,1055.3028827025382,774.3150445667758,944.1414438846092,965.5021567059432,1081.5375128079652,975.6303279266556,916.632371127474,0,0
6,247.94936788097624,999.8431391999794,311.39842376907404,1046.4400220390282,316.90959374833324,945.4031656841248,197.62818851148504,1108.6527419808506,217.3118061517088,898.50600602082,76.30792025006794,1118.452920009773,91.7438508382234,871.3990408107694,563.7364088140321,1048.0815269139478,566.2998886505245,951.4089920974496,769.4619975195438,1055.2870140103712,774.5530542936684,944.0408811772422,966.2525988961188,1081.5597787558552,974.874846876365,916.573445069974,0,0
7,247.4060274573389,999.9131471071938,310.97172492812297,1046.2152368684274,316.15792451816355,949.18435281029,196.4336235532525,1108.5045422533697,217.67444069890888,898.380580792788,74.80487644904922,1117.7340722907388,90.36766369259094,871.991303588957,563.959618606865,1047.6359261001935,566.6686280031042,951.3719794997216,769.7901328177384,1055.6726918441243,774.4483993391376,944.1790840995392,966.136542799724,1081.501489060491,975.5016086811517,916.8804306041484,0,0
8,247.6233598221728,1000.0200115486948,310.95828310565923,1046.4550767796256,316.19268762119725,948.9833282986432,195.94295685250984,1108.3465522356896,217.25584231055447,899.419975420905,74.42888713782102,1117.7324484237236,92.234358657321,873.9128205848039,563.7714183594067,1047.6615305948924,566.2803125567492,951.328638933057,769.6989732600932,1055.687238033163,774.2965747848133,944.1777279620484,966.3522751100352,1081.470509121998,975.3108582912092,916.9046480177432,0,0
9,247.98692823851525,999.8617901266016,311.53261698113926,1046.1253080010677,317.25197180659933,944.6704007386286,203.8935778633981,1110.9174835182655,208.92471432530832,870.9272724630902,74.19291859640411,1117.970550111074,90.74093498086124,873.5827134445606,563.6947560403374,1047.563014202132,566.2533271204201,951.3020893127756,769.5899787773856,1055.6661782135077,774.291029832143,944.1207957495494,966.2087058744868,1081.4643836319228,975.6329343222828,916.9166386679286,0,0
10,247.14601638955784,999.8892344209222,311.71346547854733,1045.9076277531744,316.3226511326505,949.5074081701184,203.4875908939674,1111.2323563104164,218.2912912356373,899.9183169329193,74.64960973811552,1118.090752595317,90.35294914276608,873.60530699114,563.711110971994,1047.680560244435,566.2952156215712,951.3207913636286,769.5682168471952,1055.6793655743063,774.289205623076,944.125965351046,966.1983082511296,1081.450690410314,975.7647662417012,916.8644004670424,0,0
11,247.5297428727615,999.9917156323188,312.1011567828869,1046.2797004873485,317.09468801867973,949.5783013337506,203.21067542186483,1111.2350968382625,220.1515612459617,901.7879798322982,74.40159230920521,1118.2109564249347,89.3080573072669,873.4201195553592,563.8063087016925,1047.640538043962,566.3289648286698,951.2136955177144,769.5671132141033,1055.643344517581,774.2855089879624,944.1094259896934,966.1851019860864,1081.4554880157627,975.7242278159828,916.8277787006052,0,0
12,246.52444831106533,1001.521246333406,315.20746069859774,1046.5593850095863,333.0903573029993,949.97901709092,211.7952479249634,1131.586693869541,295.6285060490681,907.7355458121542,82.82407740777738,1116.8008842159948,148.26350000031746,877.82908398294,577.0146993728855,1050.408090427463,572.8097688950239,953.2385029677168,774.9360056010272,1056.6010543968991,783.1419757004677,942.7646084798776,962.3156104441272,1080.1445968145838,960.712736400113,920.4303512180842,0,0
13,246.64967249521817,1001.18505473701,316.2029042634604,1046.6703999314038,334.45725343007257,948.8874165509048,212.2963509230992,1131.0779001430762,340.37773668068434,913.6670776187804,84.1266939388915,1117.6354092521583,263.96854269179005,902.4421376151956,576.2431982310758,1049.346804538253,574.1290979670609,950.2930476786372,770.3713563638793,1055.037515319331,772.0724005134889,943.8209272464526,961.9106112531008,1080.1261571117573,970.2708160861724,918.478728777166,0,0
14,247.33224777701,1001.144328905676,315.3840245816115,1046.4730738542432,332.6202039135758,949.0685308654024,210.11898462422025,1112.157411596339,337.03645776748965,913.1419268292073,83.62396763577107,1117.729261231545,262.4227679318352,900.4665173510258,576.6037031950038,1049.2876820560766,574.5679079757709,950.1084649886916,770.144701735716,1055.5595525759798,771.8857793721172,943.4997513747934,962.015364315792,1080.1025888413565,970.5252316404226,918.0719157827856,0,0
15,247.7330223109539,1000.7342479966478,314.8481397293944,1046.527199615546,332.56617511357376,948.9796836791364,210.78104661562045,1111.7870918851315,339.3522820640137,913.0323144603004,82.99409516611087,1117.5629473818651,261.82158389544145,901.1372423697536,576.7344730015074,1049.2638245301594,574.0806928071615,949.9513252476924,770.7028213123971,1056.1929024185529,772.1287366968758,943.4629486554866,962.441552860374,1079.9286803526531,970.51916835522,918.063505174131,0,0
16,248.0093206726838,1000.879082942517,314.96264032331646,1046.647468023139,334.0611827513021,949.662550029993,210.81882729796965,1111.5505400691989,341.77988611675204,912.9622675372256,82.41524697590246,1117.4393787706365,262.50081648907206,902.2899653331748,576.7952317534249,1049.220237087275,574.3743951546975,950.218641742199,771.486692788232,1056.1886597800833,775.317687194586,944.0216631752704,961.980976903392,1080.1364842063797,961.6084351062154,919.211447307242,0,0
17,248.6095928556742,1001.7257035680768,314.79315763952206,1046.6865430799678,333.40925201793016,949.6426721218314,215.000835959406,1128.537831751412,339.4224812987567,911.767569604295,78.6117690623349,1123.8400840338848,259.7781121312254,901.708865169214,577.0104402063416,1049.1641511153334,574.980001759622,950.2435540417204,771.4057927323876,1056.630467646793,775.2160913395478,943.7055889636956,962.2747361737512,1080.084079179056,970.983517625707,918.0480939092924,0,0
18,249.17481506134348,1001.2434412993376,314.2601095529464,1046.3805887753433,333.47573084390984,949.4731952967144,210.44488854774107,1111.677914744874,338.64431851241926,912.3309088489048,81.5113138811486,1116.943935195284,259.9229599564531,901.2783055582264,577.4016218842703,1049.5034841611753,575.8450592447784,950.0647013017484,771.505015240534,1056.837564842566,775.3891902968229,944.0852354835888,962.2456579865652,1080.0677328789436,964.1466318336358,919.4017727282186,1,0
19,249.2365877091962,1001.1074992788792,313.4559815881776,1046.7034840356068,330.5938150234743,949.5637995420705,212.72173719071287,1129.8858687423942,297.54581808578826,908.070486546614,81.52032175051684,1116.9398721643097,179.02780282326884,876.1557340937271,577.2172053303613,1049.5642076390006,576.0164773045652,950.0084781016084,771.6538369485088,1056.8017264204286,775.3694266925708,944.26615337341,962.1190023608262,1080.0631949307724,961.5949115827582,919.3104022920876,1,0
20,248.42623280610772,1000.8842303453343,313.5095211867393,1046.5634520766844,328.3425722754668,950.1984517071548,209.82672543767524,1112.631142172719,294.8832563740069,907.1011825662428,80.34396606862002,1116.780008039958,146.9960872218575,875.5246108459428,577.1287164576496,1049.6116415075658,575.8809715191626,949.8124973989428,775.9756761905585,1056.823969496952,772.3560020734491,943.2258977056164,958.129865301601,1079.6093920414105,971.4203929281048,918.141472989544,1,0
21,248.268181564594,1000.8525319768612,313.8142498199899,1046.4741501538392,329.2186038112764,950.2048799064912,209.76350226234865,1112.3980923665963,294.805468992077,907.7445615029878,81.59723988745085,1116.973063898472,148.1613389351278,875.547579079319,577.1209990621697,1049.808911751685,576.3737470430888,950.197614884219,775.6732525968117,1056.5649284009633,772.2194703378665,943.2903734329078,958.3985423669704,1079.5932166038588,971.99720595996,918.2131935584904,1,0
22,247.7355222274175,1000.7938857572558,313.7034525579842,1046.408821459118,327.99071623228,949.992256921324,210.25273316858335,1113.0021776231574,290.4698356757393,908.2183344586643,80.26710686355015,1117.8178971940154,147.15392818376515,877.0163809210829,577.1188292980813,1049.6092494317138,571.510244947416,951.574184577488,776.3750627912067,1056.432340399121,784.29665718029,942.8698255103096,958.6381191457044,1079.7090116412564,961.9334858570668,919.0012177433013,1,0
23,248.22428469230044,1000.1837099903564,315.05416284767017,1046.9925337097034,327.8266880943189,946.590005284631,214.7465931826667,1132.0551532686502,253.12722333851036,906.8617200325904,81.75345352629226,1118.7222841642606,102.51952361068427,872.6480716926749,576.9763883037591,1050.0311111125063,570.5250153460955,951.0841164459296,776.3661439893149,1056.2790013410693,784.1093663586441,942.818119405036,958.6848105937823,1079.7322435680337,961.9445529932784,918.940206355334,0,0
24,249.4071248045823,1002.6675309651396,313.3206740281362,1044.997985077465,332.68706579667224,946.9354436399304,208.3241772000594,1111.1230365604622,305.3810572035136,910.5100877525,79.47790004497077,1118.0278886266706,173.79551315803675,879.655437931955,576.3303611368444,1045.9993089708137,569.0362611827676,951.6209531583652,770.0957052481344,1056.856579020302,782.8043175487741,944.4368598708154,965.364976887275,1080.631763646044,961.7781401238608,920.1647164416962,0,0
25,249.6825562651973,1001.9509084955198,313.25715887221,1045.9100413550182,332.002194829973,946.0567378507302,207.8759200117213,1110.7743827601205,297.7457859550248,897.6255633531468,79.97412509198927,1117.2564428190726,168.7820080383856,883.0837259285596,576.393086070047,1046.3219304473675,568.8877823510933,951.548400475294,769.4765777984737,1056.446601368766,774.7295337969676,944.680026220452,964.5498305892448,1080.6040072248404,975.1231080688952,918.5228853134616,0,0
26,249.06963809103897,1001.9280357837328,313.41427925814264,1046.693530955094,330.4914041675423,948.962812682971,205.0022737381517,1130.1540556941989,308.34179070898085,913.9070312141234,78.90893164784762,1117.4412844936082,196.61775616272527,884.892528794602,576.9567104185821,1049.934680050213,568.6225286912855,951.5460474153024,771.4728946958624,1056.1184134052398,775.0413315751928,944.7217509923483,965.3890058526136,1080.5744789454277,974.1581965670938,918.5911240532153,0,0
27,246.6055934698901,1001.1246904741746,310.0360714226612,1045.7036757066269,330.16172123823424,949.047952017129,208.50891252177897,1110.3487466311824,249.0632444860411,890.9654584516068,81.33189849952727,1117.8615606505589,118.86006249873007,868.3371386503491,565.1765133841604,1048.278933040891,569.7627919548045,952.8717848240324,769.4992156704628,1056.4558750351591,783.413227016811,944.6848527514524,965.4693459720388,1080.5709971162346,962.3411376516592,919.4984029059372,0,0
28,247.49005056714205,1001.0639952492136,309.5745552345742,1045.9857549954652,329.5023426556928,948.9998844771768,208.03244304284937,1109.7664362608205,255.6890075445485,891.8948814958269,79.20460888251216,1118.5438901969917,113.99966771952973,865.2494187533724,564.7371683009113,1048.101118930029,569.3088692713466,952.8619945338332,769.5635317639969,1056.8525008538645,775.028168339723,944.7310286948648,965.4430958446508,1080.5612915846289,973.6648665479008,918.7553734257324,0,0
29,247.8654663181429,1000.980191871929,309.98233694713974,1045.0196267715892,330.8243839328404,946.2271120406352,207.44998192756165,1109.951908243307,303.59720306991755,898.8790541515028,76.58656215791738,1118.3223419974256,173.8404112023402,876.9380343827494,564.1633393643581,1047.537708380571,568.0188762134011,951.0870392720198,769.5968443395567,1057.1287509713604,775.2183200355004,944.7690435965916,965.4491299150512,1080.5620907370787,973.703643714498,918.7443944971671,0,0
30,246.51846304361467,1001.6178805472482,309.03820830296786,1045.8189796823335,329.04314155231367,948.8873842619168,207.39059468084565,1109.8630556755431,311.08761042085206,911.433559532642,80.8311249840864,1118.7409734340558,197.7803184400144,886.1641175706627,564.1448039537288,1047.7395394442276,568.1940806454583,949.8797123087056,769.5365784723209,1057.135173789199,775.2133215419337,944.546955901853,965.424669675616,1080.552320627497,973.3999624611962,918.7644076154656,0,0
31,245.91239201541995,1001.6287511731666,308.7882076159255,1045.534229825123,320.7119204815094,950.425440601178,206.8116694774057,1110.0289551498784,252.6916740030554,892.2013900947431,77.86180617750388,1119.5281977937293,114.55427817157404,865.7084625490793,564.1961228925013,1047.7955426756378,567.5123662167314,950.6676088511113,769.6174597771177,1057.1063114701608,775.2040103074013,944.6749359960507,965.3209985651182,1080.575334603606,973.3012495797384,918.7723419615488,0,0
32,244.97492593658603,1000.9416980168822,309.6501601284905,1045.464704907352,320.47627941374657,946.3446251212632,206.4885192791724,1110.3774300154128,247.1107407509118,891.2366523154075,78.83061320946027,1119.660905533902,120.37104602907972,869.4967223089641,563.874579926926,1047.6402003549638,567.3574289884926,950.6563702652684,769.7979493258988,1057.0131395775811,775.3088661660144,944.801756377434,965.3417122782594,1080.6315874019851,962.6699131641958,919.3049615976304,0,0
33,244.24459523125336,999.416734862205,307.4791380456892,1045.5426787769509,320.70268224212685,946.2376005801972,207.32745722459413,1110.409147219129,246.41764845432635,893.2251555073533,79.62194090546805,1119.0352996669212,100.5273319437848,867.5717039759943,564.3910078884566,1047.5401004564228,567.7104295152681,950.96169409377,769.8931698247267,1057.0923303384102,783.9073023901493,944.434634621401,965.34728242765,1080.5837795193104,962.6497772177112,919.3316154844354,0,0
34,243.0975219890262,999.673234545773,308.6236665028744,1044.9173379487452,319.4516910285106,946.5123987022698,209.07468520463365,1110.2553399707535,246.95518205937853,894.777209122859,78.18570239956264,1118.9695377616126,97.75706823222504,867.6017764593905,564.838083760791,1047.7181231003312,567.7407794252948,950.394461503544,769.7347609739464,1057.1105144200826,775.4556975842141,944.8307249810572,966.1640254736566,1080.6353423422,962.9632049977236,919.3116528176806,0,0
35,241.5978754760385,999.4730576200576,309.2037040452498,1045.0188007116494,319.6185894161269,946.7279492223378,210.21057009851975,1110.3154728291756,210.33812543970708,891.6989451905195,80.88479985806349,1118.3980361299425,88.20858054415302,873.446580380924,564.7625384684192,1047.6183608907886,567.5459573792853,950.0629329751469,769.7348118696473,1056.6728466070374,774.9421465691416,944.5690752039228,965.6794922280528,1080.6467686077851,973.518089373803,918.6338874542216,0,0
36,242.43659376633025,998.3611375527028,307.92906139854955,1044.2826588761711,321.5424961293472,946.4126068944882,208.48076452049384,1113.8578532917547,315.7083273833068,907.1772426406222,81.1407134870869,1121.6433336873165,212.18665461546425,886.6549182586334,565.3438477336352,1046.9286869449882,567.6861536053284,949.3376584021509,771.6030751837245,1057.436872001609,771.5839544725355,943.1383514964872,968.50829160415,1081.29694639454,976.2729906198726,918.717168826202,0,0
37,240.46838837265196,997.840425153588,306.4210298188486,1045.0167893767796,321.86661602461754,945.238069398363,208.61962942215183,1112.860550050084,307.6327292165768,897.8770595889685,79.76568107952221,1119.0034869416158,178.7772888262963,881.6558842655494,564.6665799819291,1047.0652821447638,567.1199898291936,950.1115978613748,771.5311515222754,1057.399672396826,771.7019521368495,942.9234736636664,969.0382404104164,1081.559536588446,984.0544681400254,916.0185715943728,0,0
38,238.9703778885741,997.5286225060344,304.3651080286549,1044.8055749987086,320.73747748981367,946.0576271432714,208.868750484154,1111.888033988106,304.18202145977045,896.5511163379409,74.05102673990673,1119.1619034430107,178.83866100534505,884.029807399775,565.6870588741624,1046.6273593832518,567.38267593483,950.2079946166184,771.5357374927931,1058.0313200043197,774.814111736878,944.7351993557988,968.9747225757692,1081.5062503408285,984.073795447579,915.9778471084136,0,0
39,237.5085977770107,996.9220846317692,307.03966773222885,1045.1843813322291,320.91193723740594,945.4087920402624,208.7279140437688,1113.3016095522307,308.46207399207066,897.5973643037347,78.73536324470034,1120.1024009373853,177.2215492238614,881.5559416076526,565.0732138625046,1046.9744088245086,566.9221582400318,949.21836202763,771.5395680639616,1058.121283851416,771.2764372906232,943.1368554400487,968.9195971743184,1081.2002785463355,978.5141185170188,918.5017266087808,0,0
40,236.76930155958712,997.0062297341756,308.52276376692,1045.5797868962677,321.5546756044941,944.9089571625586,208.68779751662316,1113.7329097077918,306.7309645465508,898.7711282095255,72.41161192657113,1120.9309296394254,175.800787698773,883.7778473460963,565.1183181683325,1046.149863776348,566.4800259474815,949.595955506044,771.637486034934,1057.5595432480495,771.5935925110418,943.1198256896928,969.3170175936814,1081.474652875442,978.481292129338,918.5440292190228,0,0
41,236.43817145120647,996.3150126438296,306.61204741122043,1045.7051623454431,319.9501246810734,946.867319257009,209.08323032493243,1113.5454842415388,260.6912352483821,895.006065396681,73.74730530578852,1120.8680932509558,152.0006400556031,879.1545723292164,564.4710320025023,1047.1364221846156,565.9372661575694,948.0373485398416,771.782080721018,1057.0091572690765,771.9503660164821,943.727961868858,969.0390333118612,1081.333106024838,978.4999212952056,918.4781522841948,0,0
42,235.825462886974,995.3031416871283,312.4492271234837,1045.4857949979337,327.3419855660983,945.349232311375,210.8616546908653,1112.613324032909,309.2967631509927,896.4400032037852,73.06799235052497,1121.4882638049774,204.8892196536219,878.8082657028524,564.2940622932424,1045.0971115975588,566.6893361913832,952.1727329453156,771.9475855039836,1056.205506559508,771.6945535091802,943.7431175125424,969.0094039778096,1081.280074053,978.730813660144,918.5653540774534,0,0
43,234.90353816197347,994.1422530993392,313.04210042767465,1045.6746196536612,327.1848035695804,944.9552777337292,212.07991025847792,1111.9565902362406,303.7798001025216,908.7525322190284,72.61948068368264,1121.7052505123186,203.4849764621769,888.7953929354566,561.9406825885351,1045.928865162263,565.3477613451577,951.4932791368652,771.717405678857,1056.4493227250257,782.5524909784641,943.7035823376368,964.8150738690082,1080.556781889322,978.4741961971524,918.9417696804968,0,0
44,234.81790212723,994.2541048440928,313.2852854437264,1045.6283320441655,323.5897388631873,945.7820069973824,212.08892683368973,1111.4725392921107,250.17765139417315,893.211637184429,73.77326077385594,1123.4561020446822,146.19731669928225,864.2991289507371,562.062031332941,1046.2139352186036,565.2634603180408,952.4575668884324,765.5777260292956,1059.0432790830505,774.4398997570975,944.3867655241868,965.139654253177,1080.4773012002893,983.178285591314,915.7737336169264,0,0
45,234.26441807740684,994.1812622328176,314.3217603189892,1045.2825156386332,320.87969949868625,945.088801443533,212.17348870127344,1112.041401299022,246.39041657565627,893.1584478037748,69.85327255586343,1124.443803684927,121.20913214119264,867.1699724610811,562.7463776051455,1046.4435798818795,566.1857771408418,953.0714895232998,772.1782153542547,1058.5658631895851,775.3409679596383,943.6673574566754,965.0871408559256,1080.5029494196594,963.0032974163794,919.0344054413404,0,0
46,234.3801388287885,994.2329932275194,314.4330236784658,1045.2977089528035,318.81124999960315,944.9383186155344,211.51532692779023,1112.1186096505328,204.6090321236996,891.065377397278,76.95309424431333,1123.81447247597,85.48099840260916,869.6260625767761,563.2088855897186,1044.9296985769167,567.3677149426642,953.6580236968882,772.2811077103038,1059.816485901776,775.7322514289687,943.8722196490688,964.819606432524,1080.6849758980643,962.8771082229514,918.7692684535156,0,0
47,233.7356144244091,994.0712294343812,315.6222325338654,1045.1124616478578,313.547508130613,945.1690691766452,213.5801494385083,1111.916220929148,206.6781405881725,890.2511823151061,68.29317509275418,1124.962961503813,82.204550158993,869.7605791729571,564.0976973038811,1044.845883763949,567.8315498987007,953.4383247145654,772.8248666631849,1059.767294469605,775.8105852700023,943.4717016619502,969.0054354525046,1081.9816908881912,962.982377943974,918.8847271472896,0,0
48,234.10992015942796,994.9829156498624,312.9377428111856,1047.2290249837838,316.42756056568555,944.8478973411096,205.5176650346178,1132.9094902896252,233.77819939304544,890.0199151301892,60.50214583914053,1124.6795237230783,82.54922388123907,869.9407396169379,565.6182331536619,1045.3324135605858,566.733321796313,945.2889489391812,772.025605934649,1062.255234476576,781.7203703782337,943.6611788243076,969.1316608086672,1081.2491062228771,961.8409815814312,920.5971911091914,0,0
49,234.517397837149,995.42236204799,312.9653684618569,1046.9362351685916,314.93992075033395,945.3870373346804,211.52382918855147,1114.351763140183,216.6173798520171,892.3768807438522,62.48353991613896,1127.6500392187877,75.50786795944789,869.9322307959451,566.4627495357677,1045.064803101752,565.88265774929,944.5495390208832,772.4153705691175,1062.055324607698,781.8293862907102,944.3166210614612,968.3925668346866,1080.9821583609823,960.8869939042626,920.8692715747842,0,0
50,234.8550653643664,996.2334022269716,314.0803352226981,1046.690787736499,312.0258927562302,945.0863972593108,207.8615245645471,1115.6085312708085,209.8678223767423,890.7806423391866,65.31995816100557,1127.480198133526,77.19738892057937,864.7376403135908,565.5203633996692,1044.5922012945732,571.226838934096,950.6341729314778,772.9111536271549,1061.965567443758,781.6726878033502,944.7837633389396,968.7042440704624,1081.17874717292,960.9450792925256,920.7977339767692,0,0
51,236.16587007619316,995.7622910947332,312.8474997109957,1043.7738032624793,311.18426035222524,949.7163919172772,210.88995270053184,1113.7217175373692,212.9003811006583,889.2464593330961,65.6098841814753,1128.2290740647272,73.38097881123674,864.3079532620488,565.3205803621885,1044.4030073335468,571.261156030067,951.0392582968348,772.4628000048574,1062.5024477967788,782.2385689744093,945.1318332467512,968.178345490494,1080.7860848274763,959.9982344251616,921.0359432940796,0,0
52,236.40983593944452,996.610995032698,311.7222034667651,1045.3353000615643,312.5286311135955,950.107614712011,211.5476858786396,1112.872791612613,208.92060516714585,887.6739600613922,62.23637733409866,1129.7661242740808,75.43673920848434,862.1445695483274,567.1309270474318,1045.5186497157852,572.8225571095401,952.2611274130636,771.6284453512322,1063.0183057483728,781.7574411994924,945.3750783007956,967.7097367186228,1080.7958939529185,960.9898474188556,920.5288339764822,0,0
53,236.9641128907123,996.790449155069,314.2478707692403,1044.316417012996,314.67190497330785,948.1986090052576,211.77206627259173,1112.627572894184,210.1987622959251,888.7064004487453,64.35863698257425,1130.6232579082011,77.98165015033379,861.387363184383,569.5253769039953,1046.0152610761993,568.5305226577739,948.3916804827284,782.2460506424327,1062.3409603099278,782.2209537044768,945.1599435014466,956.7402773932764,1080.0258661700382,961.1321973366606,921.0662626536956,0,0
54,237.4133290612031,995.80597809533,314.80858535698394,1044.0971451870753,312.01905096770884,950.7776515716844,212.47787177950255,1111.439456533282,217.86720146903448,892.9628397698442,64.01994216581625,1133.253715453474,71.73458659912427,867.1331367800991,571.7401408281065,1044.9836514575968,577.2378904146708,953.2264854100416,783.5406631549096,1063.083898977354,786.0809291943772,940.7056809873112,956.542536880632,1079.7669098326426,973.3734156654466,918.8436461370892,0,0
55,238.7019419081034,997.4648652087232,319.21062086276487,1045.0523718414197,314.5044467329824,948.8279106369972,218.96088579076164,1113.6827070585164,209.85198577761804,888.6929097059981,57.43224038569297,1131.784458538787,83.6774831258429,860.8265828420624,578.5680066965646,1045.5493303084531,570.2722900648575,950.3459937146796,772.8648465755547,1063.4600962933855,784.2180152863302,944.192998635252,967.0445084788864,1080.790267596781,973.8349412290574,918.6500306027853,0,0
56,238.8099111103112,997.5493910521116,316.56440001935425,1045.5387583556726,311.00932848003964,951.0163384969404,217.75592739467348,1113.8674310127838,215.9609806770156,892.6586452150591,63.08361663619935,1130.3761137906986,87.30183362030704,863.5670118030602,571.1028221834775,1046.7267038540135,576.3556335310321,948.5415274951496,780.2506204017271,1063.2731109327644,783.4445439451537,944.1751966399362,962.2943189643294,1079.0210782737088,961.2113749748398,920.556852745712,0,0
57,242.0963171647646,998.02420465496,331.3464619868443,1043.0436295082602,319.5309540509247,948.853240002612,240.29302053860783,1115.3484838346976,210.8421964608181,890.8831161510235,74.16111146210073,1136.794501310933,90.90965598705375,859.0592908333716,580.4716585950516,1046.3769105214744,573.9195516608626,952.2336373760104,778.6654711203705,1063.3892799842718,775.293527809014,939.2784088381418,957.422745881992,1079.9361458357253,959.9658714562304,919.9156580244592,0,0
58,245.99210171457693,997.7208576861066,329.770689568687,1043.535865710817,321.0564950910749,948.5028237616816,221.2073577364957,1128.2531128378146,222.09823608398435,890.6177396865386,63.65180820420442,1134.8477175093851,82.45649995047341,856.9241734377871,581.1856824182875,1048.8940813119232,574.6926151667521,949.5294884563282,779.3498133744932,1069.2928438095553,786.1309663651048,937.2128695026204,964.3078463099248,1078.7843455049065,974.9587685296068,918.067798264144,0,0
59,247.7431649535468,998.433026293461,329.6035099153556,1043.8635679941508,329.5736595868134,949.9008279614026,234.88250216520032,1127.9546818673657,304.7024018742793,914.5420008875884,76.93885684168384,1141.9664222330491,188.83332836612456,879.6249810498397,582.8291581728058,1048.5097925773357,577.6414223362162,948.1011272265052,781.8396283808238,1069.9962486474503,783.3830391694107,932.9342321750436,966.0156345375182,1079.0287159647162,975.0182776581324,918.500261495956,0,0
60,251.2845850052852,998.5709776307274,333.05844101081124,1050.497761655607,342.3465032664325,947.5328450760012,235.71324322406585,1121.2441738557502,403.9346328575372,926.6433471410612,66.42900444596269,1137.0792336782754,416.02939504020696,949.5883452270418,589.112137346801,1042.088823956133,586.8682943984032,945.8061241805772,779.0943370466889,1071.9634498523317,791.4326536577917,933.1378875665154,961.2947863317124,1080.5493473498634,984.2943258496348,918.9843245484564,0,0
61,254.86170462421077,995.6823677774915,341.1610027655513,1051.4560180933138,352.28473633566506,946.6221597350582,237.95888476625996,1116.1227118767508,344.50975237029115,891.7678848703849,69.40628909940682,1135.8667095332878,262.7793787049689,875.2376222855725,601.2580387427995,1043.604292803,592.7298452826253,944.1298117767268,780.6752298402228,1071.2331630866552,794.0906883309194,932.5302565754732,958.430247709872,1078.8486688685366,983.6076584656,918.5482429319406,0,0
62,256.4815808458663,995.1505102960614,344.4868640378796,1052.842859720851,348.3941718598801,944.6558236059768,236.1026649822339,1121.4390399156468,325.98484366705884,894.1236046672657,75.0827026863247,1141.8830238134874,247.8606218091843,874.990813334491,589.717869851617,1047.9283392105272,593.4216209877917,945.817204684917,781.7296655404397,1073.904752598187,793.8961830436796,932.595282560933,957.9674852467948,1077.5840222248692,983.8423787229856,918.6309780818764,0,0
63,259.93237499142805,996.331111395035,340.6783203278778,1049.0613537409304,340.9271065497429,945.938677202683,243.8446082622394,1140.1639661711863,334.53378683568906,914.4308621913174,73.42210856463726,1134.2768643482218,243.8085463143139,880.1258986176681,605.1968114924833,1048.1415655961553,595.3409005451574,946.5364257453734,782.6393053156502,1072.0179778806082,795.514285951969,931.6259536911336,963.4141358845563,1079.2827717755142,979.340438346714,918.443630647344,0,0
64,262.24752197960106,996.4292564644348,337.6384550154752,1052.5265769762295,337.5437274431841,946.2280538027818,236.4807182480672,1117.099647493944,342.29329482476635,919.2362291054372,76.2652080421795,1134.871073210616,283.13498634665774,899.135105825364,597.3908112852099,1046.7769293746558,589.0684942833313,950.6439571674916,782.7045150975101,1075.4075338908806,797.223737267741,930.920051165489,964.6576611676358,1079.747016789018,984.5845006563264,917.3205180732228,0,0
65,267.5177461862254,997.5000292618952,344.4467193841624,1052.6206691049638,353.4615159251755,947.981505944044,257.96031659229214,1120.1744329605272,343.58352695856973,901.8025663825716,87.95164448077098,1141.854601431909,283.0625456920371,895.7249265694601,610.05219036643,1050.5521174759483,603.6786376050296,945.6352858364714,780.67803178249,1076.0799271739818,795.9638577226854,929.9043334467634,960.5707112772412,1082.710925571013,982.6392036854678,917.0409075465824,0,0
66,273.1870134475172,998.1222003877908,353.7292520897596,1050.3156410009874,352.1654240889729,951.0027206163036,259.51713036188687,1121.23788826611,306.32394693917814,895.939661119897,88.50185647277435,1141.6475200442862,236.88651971606188,880.7030131517308,611.1743374391712,1050.3843116059538,603.1266941546774,945.4258890593428,788.6991353028772,1078.4022157600398,798.1298059728892,930.9832790579366,962.4847653194272,1081.2629756885449,968.4430875145722,920.8628053686184,0,0
67,277.51071607492986,995.1902109520302,365.02740723569,1050.763681651388,375.8922310272336,944.3080066285704,262.3997128490354,1122.256683192649,323.61821634716733,871.1354422586793,94.99693544385336,1144.086919443998,256.60739903642235,858.3851882940177,623.6454047710284,1046.8309138716363,608.512059671826,946.3624555376152,791.5493307126048,1081.7314961340217,796.5914485916514,929.854160059383,961.5690123678338,1081.7110227294745,978.6434217237216,917.4005530565474,0,0
68,280.6699367865474,995.5050877803044,365.5338703547404,1049.047087389787,368.8953867442276,944.9796888812511,256.0662304068418,1124.699271802601,314.43575865270566,883.9495208314199,95.56809369547314,1145.9401607022928,209.83214181173292,872.3304617361143,615.9664475995326,1043.4719240972,613.4416484956778,942.8400550634874,795.7099384015186,1084.8277681562324,795.0331930004263,928.4075400796032,961.5691463038888,1082.2474547364448,975.2382488771594,919.3767211824372,0,0
69,283.1608935977454,995.94596431152,363.5347870081392,1048.007085997773,361.6300050241894,947.4519086917652,263.8364449093028,1120.5980099938006,305.1112302971134,893.856820941059,102.27575329407291,1148.695176886251,232.24616379359608,861.9349864368313,615.5111641257574,1043.1505760176055,616.55821325255,943.0892587811696,790.7642816040078,1085.5732526926326,796.806922907637,927.4228033084016,961.6170739817526,1081.2845438915872,983.0160562145694,917.9092364623036,0,0
70,292.2904266903397,997.3098282880594,362.7174228127508,1047.3040188488762,356.5757368010879,952.9444350467544,266.9578996715372,1119.6788857913386,315.91216633936824,887.2902404202162,111.17412859813754,1146.9727087196054,228.361304324067,874.2389285993612,618.2829105094443,1049.9252456115678,613.3821842357303,945.9633715515362,790.4358128050368,1087.9477298688923,791.894268288879,922.9531302021148,961.0735132542326,1080.4817147013198,970.860203369696,919.5008252527152,0,0
71,297.07620244962493,997.3785365635118,379.4070600006143,1052.6357171186887,369.58194564005794,950.5772055710704,286.80023153674614,1118.32222360447,318.3946874392823,897.5008552097206,117.37699927837237,1142.756124772542,179.78974093076312,856.4931902020054,630.0435676128253,1051.0741173984547,616.2793664225366,946.3247176148628,793.4881260925213,1086.282578691851,791.964006113913,921.5876470673708,961.5118404234648,1083.4275886304758,970.3793059647936,919.437030284918,0,0
72,302.03270003141444,996.5918194100228,385.7121674199098,1053.209119091833,390.1156393480239,944.5049418744404,285.8155015169101,1118.7042312566014,380.2500846699093,903.841563497371,124.07254302145137,1140.698396008651,291.47531239047004,875.7111281844118,627.5336809493165,1044.9401938433512,630.8652331646149,949.2401584398212,804.131144410767,1093.9661092989415,804.0547251856373,914.4809087771516,966.7056207942094,1080.7852295056414,987.1205055202092,919.385760753668,0,0
73,304.5451160773189,996.5496432649836,380.4008387403153,1045.4190146441324,386.062622491963,947.039949639942,298.185189970138,1117.7754553375132,336.0162072466936,894.7026821027164,130.97050432420986,1139.5715506929937,247.44316066350052,871.9768273593922,622.9048897355058,1048.2339914785773,630.5738906866552,948.26684103916,806.9088054106356,1092.8233064964008,807.7717915747038,916.0376066254132,985.2510873424992,1079.7382842995155,985.021368257401,920.2548336614852,0,0
74,315.8532249322948,997.6926546005708,393.5376405901964,1047.61542057483,387.5025897776352,951.6763455897548,317.6694504895353,1146.5463067362364,328.42073400867,894.6033288870202,190.43074619010457,1173.211958714919,216.32824673299208,858.8056585632818,635.3354548043795,1048.2339154649185,635.1970211768181,949.7864760063222,804.2610985466965,1094.8198664635092,804.2884844518296,911.7531001016029,976.727932556708,1082.3761721799517,988.4774033207888,919.3347017735264,0,0
75,323.34656456202,999.1548375361638,393.3130827309716,1048.3728341264466,397.9607977699706,948.4881322721976,317.45294687496823,1143.9764325816698,338.9115001817363,894.5194111529034,151.05162542415067,1143.6985273172013,237.10613533486315,863.5306658383944,639.2002573496964,1045.9655985947834,637.4631482386,950.4854577573936,804.5571243499438,1094.145648852593,805.7415901948013,911.0788871994972,977.4232106897084,1082.3957285436088,988.267265686908,918.6239296648978,0,0
76,324.81044679996404,996.9073487449272,404.528155333044,1047.7460295307908,404.91291343778255,951.3561962388352,316.5471185850384,1144.4072322579188,349.71507334120093,892.7135687834372,149.8818948892065,1145.0313884838815,257.5247511845106,863.4579429654494,641.829213835638,1044.3576487051398,641.6977167563568,950.8384194468682,804.1135653035693,1098.6260842821514,806.9681042595554,911.2007915824762,976.0782087546796,1082.64955631343,979.7350836110209,921.0242573712172,0,0
77,330.8098116900738,994.1909179855672,396.7731479302494,1049.119434903248,405.2335064618888,946.710884492245,301.5291982385365,1136.3114607430489,357.9213196837545,891.1830889206437,150.97948210757173,1142.9521397822575,265.98382627390447,865.9070411698947,644.4059995494986,1043.7366857255408,643.9781709579249,949.2158587902106,808.9014323121627,1100.2834349778714,809.2579567540917,911.9911479739736,975.8674496575046,1082.853827213733,980.0292694677146,920.5426765346598,0,0
78,339.28180440969675,994.4788523442074,403.6441214527978,1046.301054271331,417.9357711980495,944.9174417668104,330.339100791822,1113.8571187172806,360.09240739522266,866.0379339998738,155.11809816596102,1143.828568525125,245.19506407342124,856.732993031319,653.6514272801433,1047.179394791356,655.1753731418803,948.7435719688356,807.1795919688686,1099.2825705299126,808.5609112929925,909.2398127346332,970.6689306291398,1080.4454292785065,977.1751584374238,922.140649463393,0,0
79,342.06414028013944,995.1483402070012,418.53245699204143,1045.400583013553,432.2000219794026,945.8739431634884,331.5526444890254,1125.0092766934858,389.44776721056473,887.1241525934515,188.4129379133564,1145.4304911370316,321.300154910441,875.0684145353543,651.5459016756056,1044.97599896747,657.0613146758358,948.1748658571936,809.1076560049124,1099.580936922386,813.6388892532169,908.0037364637388,984.261822247846,1081.101911490144,984.8689275972245,921.1827542587382,0,0
80,349.22217526578464,993.3578782218244,418.7307506605924,1049.7101552095771,426.1433317881412,945.2210134132044,338.6579897003769,1112.6330929657363,376.58195985464187,889.4490996395115,175.23682315265867,1149.466298963111,284.92879594721006,862.9885296958234,665.5478138421385,1046.002566795153,655.3674548562078,948.6297566079638,807.7426872699871,1100.3133628335097,815.1368120091789,908.4299564852074,972.5938355008088,1080.174484308987,984.8556277469788,920.913516569453,0,0
81,358.71843333362136,992.596676116652,428.7990784986121,1047.731908480093,437.6377360687454,941.3280781361218,359.598570428062,1140.926714805362,392.4597506777363,885.1979530216753,197.95318166983296,1149.5500465073542,341.85063616352056,866.1768587155872,675.1398627252665,1048.5432459868375,668.9442553972856,947.4999077437468,815.6090517874967,1101.4131701579431,819.5779715340841,910.030405912042,983.316027439152,1081.2022185763572,985.0878219703704,920.4735606107356,0,0
82,365.6737458039322,993.2278639319012,433.8911803088045,1044.5603078467982,445.78279874724745,947.3561234092292,351.03171766501873,1141.0587229507971,398.55206652022457,887.3131131320032,177.31861000408276,1151.2175629000556,317.6450172047311,859.757468891354,676.139785111803,1045.3502485175768,677.1925184847629,952.3198462828918,808.5323447833911,1099.2792097844244,824.8152375934337,910.3341268950048,972.127901431953,1080.4261164276325,974.6824651452748,920.989537627972,0,0
83,368.6561220365011,993.400071856732,447.47915915301934,1047.745078351023,451.2445048020937,943.0809551297874,352.42708223538835,1156.0632921789256,403.3612666700534,878.553909873542,191.16672012368784,1149.0719355597907,344.94989370338624,864.4882139364295,678.8007744143006,1044.7832444728429,674.2195010340259,950.2656338234144,808.4319677464518,1097.3911125637171,818.7820719308444,907.1071721734938,985.8771607159638,1082.2047189997015,983.4798901660854,920.8224511969888,0,0
84,382.746850873776,996.5781396421592,452.3596912180648,1046.9959523062948,460.3617075112768,938.0055110126976,367.1931063648318,1110.9353527823064,412.8278686166274,848.072460883685,200.43528731684688,1151.903133826778,336.21122500676324,858.7149328978775,688.3872006618465,1042.1305813533606,698.6791658835541,947.8675962492966,816.6907401264721,1103.7719089751906,817.3110053629186,903.1321152372452,971.5701086592456,1080.2308635725683,985.844681222665,920.3759906889322,0,0
85,387.9559941285608,993.8374235277928,468.2352483226047,1054.4212275161017,477.4718657395619,935.4460059957064,381.6723760795841,1118.0778121107385,402.226631650689,882.0212413106747,222.25819591427964,1157.870685428841,283.744477766853,851.8681888173908,689.2330309566503,1044.438889816699,705.9994516757126,950.5393844032708,812.2682365546456,1106.399914953833,829.2920662987837,904.640324443338,971.3059947952648,1080.064770364306,984.8937044280092,921.4532693811062,0,0
86,395.79517364501953,993.5526736705816,470.3416928017248,1050.0223170721208,476.3937310589615,941.5424036927122,388.7282493303594,1115.5709334351752,412.0684096655083,882.2348275839802,222.5497023801965,1157.2541171150292,300.84795124664106,845.9585560077609,693.2257290407337,1044.8481877177717,708.6349141055182,944.4627960003272,815.5078965820788,1104.9821142831504,830.6613240533438,904.3969394703458,973.34055043631,1080.6696937891777,984.802954714692,921.66317437345,0,0
87,415.5640389054277,995.4079477056522,495.8798455881979,1055.382660719334,499.23504689269936,939.3570870112884,408.68915076683646,1124.378465908928,438.2269750180883,853.655627809142,246.8155430073236,1164.0854027584842,322.7160980859565,851.2732500893329,726.2248969109068,1047.6813963946834,741.0029163534216,940.3453809526544,824.2362722091774,1098.6985542246912,863.542052270222,908.7312759746968,969.6188404842222,1080.4670010131567,986.5747371916652,920.4156015411536,0,0
88,426.9279974001436,996.9103650745444,511.39918468708487,1056.79354284372,507.9764544979338,939.1609818614818,490.7215663081493,1139.7187830962127,449.0678604185503,854.3037592812902,439.458543829552,1160.7637787425808,333.73208143931214,848.1824311222074,699.6510942952685,1046.1917123226976,728.10804855684,944.6662687572112,824.2815827765297,1110.0051551387207,848.20267467722,908.3820167558322,970.9570046488112,1080.881812258909,985.2523269206866,921.7935354441602,0,0
89,437.1037705201941,998.102522940429,510.8120629319288,1057.5678189829114,515.4031042686829,937.7867383207144,429.880726321931,1124.0667005955167,460.034531195235,863.9888667569802,265.35063219008424,1162.8141678159154,380.5320674452267,852.2796594982723,712.5074983356212,1050.4785920871172,726.7233319028301,945.2205030117556,820.1752627190439,1104.2822727536911,845.1574214940263,908.9744443423954,980.7915631754344,1076.3670691070445,986.2010659787062,921.8951586429728,0,0
90,453.3659075946584,1000.3028940261069,518.7871768291657,1055.8212850936452,526.9198517619556,942.6086910116068,438.2257903536832,1117.277313613611,456.3532558684231,858.3756791450451,268.759347645297,1165.0960144446583,310.08367263139144,840.544281342203,750.5062259034155,1059.567286640647,762.2630899377234,944.4545956064376,841.1082747202701,1093.8415430925245,866.9597360836668,914.2824922739628,972.9415120694044,1080.2381635745776,984.8262830270436,922.2996491846312,0,0
91,462.116537701789,998.6586429054996,527.2349122224765,1057.9984087807393,540.4957954471225,941.1595450912127,446.8080725502441,1120.8235983529746,463.3796966711473,858.0171852756475,289.77199132792816,1165.6231267902451,314.24221033857765,848.554426497348,751.4147355931633,1057.7985429728758,759.5072698903176,944.3159799905144,820.3743439315974,1104.682986408713,869.3182883988121,903.0092024750608,970.15902535348,1080.9735250928488,982.4275344928002,922.1710818344666,0,0
92,476.67148631012793,999.1182110609158,543.432093993585,1049.1485461165676,548.3403575187851,936.7509358424988,456.8040337333133,1132.6922324893233,457.8877799997714,856.5945849394116,286.43091358040954,1170.8909967942418,323.1540127321399,845.4874677468888,770.6753162041751,1055.6032607662248,788.9698294452324,927.2721571855736,835.3185190863045,1094.072841893742,915.4465192936176,917.0137942143874,971.6822084493848,1080.6017120159522,984.928746118037,921.6518167219646,0,0
93,483.7276270981728,998.4545617030002,546.0215708183218,1053.637845545985,557.881862283218,944.6264446631326,459.3737630261246,1126.83240981596,469.6381454566985,861.2299691676043,306.17048434690315,1167.8797597555797,350.25696723451847,842.8195430354806,771.2326884176703,1056.2449364588597,784.6472495367994,947.249109126644,832.2901713119526,1106.0618268944252,866.5951808934403,911.7652743954068,972.4630308709312,1079.8921574712413,993.1394321059684,923.8025727506774,0,0
94,499.1693060543819,1004.3314672690118,563.9902631762124,1052.1192096875577,569.7959973815204,946.5861790395676,467.65303364965786,1123.562354340788,488.6027889970995,856.880111077706,307.650201844611,1170.9927385541816,343.46121387456884,847.7848561417961,772.2299762820081,1059.0940461169264,786.5765207238562,942.8535118355286,823.0883518214033,1102.2802774736235,871.467040598935,912.2004209766486,969.210849496571,1072.6682363898328,987.6061940689236,924.7324041160568,0,0
95,504.7037711968192,1001.432381657272,586.0629437648738,1051.735399233603,578.0296507241356,944.1046774904138,480.6603434429987,1113.6112078036745,492.1908984041648,861.6151714114737,321.4465825114356,1172.6885439209163,365.7576480364458,847.5708460755247,769.518955166225,1050.4684634352327,783.8887267987036,945.8240164841562,822.5238595672329,1102.1735018268394,844.0098386251104,899.1963042203861,973.831279417318,1079.809754628806,983.062288261979,924.4407157421464,0,0
96,516.4911738863536,1004.7825390481494,578.9787440430204,1053.9486405080422,581.2403015414511,943.8533090651692,489.8884894044873,1129.1196564415814,491.1491276972935,866.2269604617757,334.27940844869426,1170.70486995072,365.5155010248191,841.0544682039574,774.7698137261002,1050.9584252822058,769.1217302935021,948.4982267431616,822.5355896869157,1102.0756325592108,827.7123199978791,896.346329486519,970.8976254382584,1080.8910213473262,985.7039422207596,921.3933554823832,0,0
97,529.2484573145991,1006.4301384695308,606.2801180719864,1046.3226152429854,590.852088580981,936.6986142283936,523.3538806453947,1130.3496887857295,522.431894309809,873.1729016104313,347.3322216773064,1177.4576267575974,384.471991877562,850.694946916904,776.7569693973377,1054.9288622024392,778.903048233806,943.657578265816,837.1417638136289,1110.2610325865849,844.0138834939665,896.1108317715031,970.9939495701784,1079.9068664505935,984.4828569191484,925.3158403336346,0,0
98,533.0197396793043,1003.6268879191828,589.9416542301252,1056.5682434037187,594.7886031687801,944.4166711811456,504.48008593099166,1134.6166158055314,522.6704813010981,867.1642142582431,351.8323900795727,1173.917488908172,429.6779752614749,854.7605522654673,787.2567605166192,1044.2885435442115,810.0730487243096,932.1032192389988,838.6539179450979,1107.5715346269797,889.2173528981301,905.0044772942044,966.5630566414992,1079.8106062508612,986.9740728966126,922.4024674123392,0,0
99,550.0354214235462,1006.5741285202172,621.2384680560723,1057.0536733567058,607.672778850104,946.151606933235,528.3319837870306,1124.3653263089238,532.7725640384987,861.7247521640797,360.41817202524646,1180.071102817824,392.8137490281203,850.1540794624817,784.3310157964381,1060.441579643547,803.8001535958834,949.0725789290856,841.0573013365191,1106.707661969972,840.4895303277262,896.8463251364749,966.0445093093208,1080.3946440820744,985.8439392169212,923.665932649028,0,0
100,553.5380374377663,1006.5001073608848,618.1848820412267,1055.5441403021102,610.794403711128,935.088711527671,529.8661757569629,1133.4330286478664,536.6311171274966,871.393306151985,374.9432438526724,1180.6920752150447,409.13874865508353,852.2335091169751,794.2475234330552,1063.4112047115557,807.0985110993503,946.7436506676376,848.9533835858765,1101.574762752177,818.8150416301037,895.3505983149454,965.7879611791652,1080.12395204296,986.57074321851,921.8762019799968,0,0
101,563.6792303402805,1007.16855533328,621.1122735052021,1056.611591369943,631.0280605658443,938.1252224352498,536.3157807587027,1133.2147991508357,548.4369508621751,866.8163138676181,391.61462488658094,1180.431195664809,422.3893305229117,850.5674215592855,812.7889317188833,1034.5237576094382,835.3373290658461,932.7845034294494,835.175711107192,1095.6323690645663,914.4790174685156,906.8856212831788,966.2032749348832,1079.9089127652005,986.7191256162248,921.9794006123428,0,0
102,574.5204028661601,1008.7746930034788,632.9776806577129,1057.7884482916973,632.3336250295254,936.4332841793288,543.9474330549897,1134.6604871224342,565.7811168080343,876.1108106939694,403.0166909722575,1180.0150457714342,429.7858795046961,848.8935301568384,821.8721079733343,1041.4004748678665,825.1108639323975,955.7717442565066,819.7465293894198,1100.6243017506372,842.5774193058088,890.71127281217,997.7875462744108,1066.6489394143782,996.4287395502096,922.3402852122176,0,0
103,578.7476018873396,1008.4424621895952,636.9710778880026,1054.8251896619272,632.0378339492142,938.7533777868985,554.5144654312431,1133.072412786547,566.1576539177267,864.187479012158,408.534028706842,1180.2176188091248,431.5098856515475,848.9277813734158,831.2813569107353,1036.8645928555952,832.2513834304709,942.9255778293764,830.0746359161654,1095.1134446681554,822.527596383163,890.8327957814797,967.8824408993764,1072.79065201512,990.4926088851512,923.3952686946066,0,0
104,593.0108712522509,1006.4115198318964,653.2347508741758,1054.0005665820456,646.4565819788661,941.5396120406352,557.0984990947113,1133.79829782322,565.9213692872205,862.6429648753215,413.6636523679577,1184.4080587663168,437.61300611557976,843.9460089555303,820.7478165843552,1026.538080107544,842.6397504670101,941.7286250487924,813.5093007627172,1098.762323630373,820.9197958362117,890.4545585413701,982.5754675350512,1072.8710381411877,991.3369134808702,921.9000248625208,0,0
105,596.324340091105,1007.5554594758852,664.8412261486673,1054.623577221626,649.6814059095047,935.2724621034912,571.3189079175535,1125.1917790981183,569.7748542359033,874.9978509884736,427.7370502982865,1179.832026406652,442.16101379791377,835.3823666849354,829.7020338477641,1019.1886221320204,844.3283278486352,965.985213258002,820.1855469990148,1094.3788513587208,816.0891643271179,893.144819160142,961.5741622091424,1075.9079210448144,986.7154584470434,921.5469387259052,0,0
106,605.9933890632907,1005.8574138924448,657.7826152449311,1055.7808750889742,662.079582561597,934.7318731415894,573.6806184448718,1135.3747713311818,579.5124166064517,872.6561822828171,432.0412595374376,1183.6676043328953,449.4204819062906,840.9999839003519,881.9981566827225,1033.4325075394788,870.6081461813421,955.1193008591024,845.2254931545381,1072.6327561736546,827.1357038520247,906.8849405236843,969.1863569450626,1069.670217319239,987.1792669507088,925.9361764317836,0,0
107,615.7856627217504,1007.4130125697444,670.2802461145448,1053.345354403931,663.5308440050936,944.6988863528082,576.3878464915817,1136.58357820644,586.366350114423,865.2797455125483,438.23385196482405,1184.1270174339008,468.2359618669368,848.3979190823613,848.096407132589,1033.8390302693117,876.6499801854008,948.7138978424184,862.1953386324125,1067.140880979921,829.4846583094801,911.9370450840375,965.6920694932826,1069.965828384747,987.6859647926956,925.5213720810756,0,0
108,620.079456423597,1008.5808608638812,661.6814482630616,1055.413551526767,672.7935454687309,935.8519841852126,583.1261640531344,1128.884113572434,587.7431193377788,873.6822200329492,456.9023079741916,1183.2787224897825,475.1482747528116,846.9769849924372,870.6536951548721,1019.1512530100512,849.1712680811689,959.9707582853543,818.002973936004,1075.6840413112486,808.7213767737499,895.3672405974468,981.0744850099164,1070.1513501460895,986.956665227565,922.091316935072,0,0
109,625.9605477411197,1009.6889812573188,667.6074757966635,1056.5423772336806,673.2330432390825,943.1782553040044,584.7522441928501,1129.965010397054,591.0877021918526,870.9176140195916,457.4551544883936,1182.4577050135472,477.6220964548336,838.1638604695968,872.7086680081172,1026.351315220168,871.4570677202917,958.1956859759598,822.8161964366898,1084.3373689784626,827.5280347013039,901.5479502232964,970.2650320576442,1079.683921752302,986.2999847868484,925.1911419441734,0,0
110,634.4418652563007,1009.4226307416995,684.0354226934584,1053.4806412270102,685.5801500734643,943.0598825290743,601.0504512514032,1126.3535160286124,597.8879377218774,872.4658091010459,464.4540359387937,1182.7426042073268,480.2033710355721,839.6838739915073,900.499489961582,1040.006984735919,875.6300517703528,948.7945196192376,900.6802447037517,1053.0499316908524,834.3237733282875,932.8439871446776,971.0993890551504,1079.4977703556956,978.3590138687114,929.6572012694596,0,0
111,644.8528396943765,1009.3760942379224,702.7919530434477,1047.050244894035,699.869381938086,935.555204661956,631.6107667841123,1121.112403168913,628.3777004286588,881.4558005070179,479.646606891766,1177.4757294441129,507.9793388108748,840.0094526012009,863.5352443005545,1069.5750683988394,912.7101032321568,936.806822699015,862.0312562503492,1087.40381615027,964.3388682441066,934.8914507011734,950.2583268342928,1080.1411815814286,1006.2965051777496,920.1311755828522,0,0
112,649.2418898903657,1011.2521543930244,705.9106801979253,1052.2950689692782,710.2207544969178,935.3822614794528,605.199072333089,1128.4267055103658,628.4315962971264,878.9048224735751,483.0539180274437,1179.5654633218624,502.52486329394907,840.0900344792576,908.2181189925216,1047.2451425702322,915.8139089056046,939.4684981458946,917.9430953919964,1075.9668309578203,963.8009549303388,958.1255838925308,968.6795047417728,1079.5745656772365,1036.0658881258128,934.3140805459566,0,0
113,656.3290504361314,1011.7448197700452,712.2796871696244,1054.3606049413634,712.6564807668618,935.5301907866602,622.2779310447187,1124.29269357607,628.3438494301586,878.8580909745822,483.3494010548287,1179.2150174826932,516.1184186495171,841.5779332392888,878.527763674256,1053.2878006284154,916.8251077034384,938.0139492015292,858.9200208090991,1091.1081760022505,938.885069054652,950.5646747530252,967.6025450152137,1079.0958975764604,995.3211419511058,921.0009998823248,0,0
114,659.2026950355004,1011.199703622968,718.6033567867601,1051.7937151637698,714.1302675760613,937.9567936568644,629.1758735964295,1121.242015202373,630.8124529834841,858.47719303218,485.1884863993591,1180.5156898918965,517.3094099008215,840.5753090414906,880.2768091665597,1056.5909748511838,918.4655220145831,919.0765459339556,909.9543776096696,1085.6104053774798,939.6743917279186,919.6126817062792,975.7896254431596,1078.612840864082,991.6243702227488,916.5070172042904,0,0
115,660.483498071043,1011.1729441242652,725.2667089990583,1052.9504129940933,708.9894080193052,937.4704999734512,636.035979212648,1120.1692579775329,629.428256001367,860.4395858686169,486.3160451583961,1180.3473008020585,517.9980368111936,841.1051578788001,881.3131045675091,1056.8327628646505,942.3484741168772,927.5037829127932,907.3657137767856,1084.80969498387,976.2491901829276,928.1070180608456,978.7412687085848,1078.0526127979915,1037.921546717769,921.2125004888196,0,0
116,662.5121015938113,1009.9264277472906,720.3454777850286,1048.874565309501,716.688936429464,938.2251703064728,626.1825983173981,1122.1588973382395,628.2918715259964,863.0526287182564,488.39889546209565,1180.9913840423517,516.3000662010575,842.152153872813,895.8058308376911,1075.0522211594762,945.5744617844124,947.7636549807402,904.0806721958908,1084.1743956936537,1004.092819104734,937.1706617412806,978.8492425985546,1078.319625574206,1068.1558471600315,920.4938404495274,0,0
117,666.4697653543499,1009.2114499979908,715.7903179173661,1046.576422832189,718.371258997328,938.2660616188696,625.2087224754462,1123.7267019256435,645.071447444365,862.7188090170946,487.527084251374,1181.3805188158697,514.5298534127918,844.4403600867929,877.4833798749548,1077.9676772880696,941.8852514160316,947.9651779431268,843.34096196724,1088.1137490815577,979.0200679912988,937.0927295782916,952.8907248071638,1074.7851656676216,1067.7144207104905,919.7167948569383,0,0
118,667.6856348511456,1009.234714213756,706.9044549195447,1056.9735226711748,720.920320617517,939.9619115511344,622.9593307237166,1125.3811755380063,640.0209840097415,877.0331846485236,490.5703196879016,1182.4755675507154,515.7969057358442,851.6659110894018,931.3550661878252,1047.734594520272,941.712945360201,945.8467068976992,923.984733849415,1059.452535277513,974.7401139019988,934.7050046675528,975.7701116296496,1079.747575455777,1033.3919753333837,918.9874101648604,0,0
119,669.3611447615802,1009.7635809276842,712.1615214155615,1051.4013864712012,719.8560486534326,939.2532866601994,632.6408636244437,1125.5922473063808,639.8573596889858,876.3379018364542,493.58747643519126,1182.025551217869,515.6250872072535,852.176070370979,903.029831339386,1073.6947315672933,944.174582271489,945.2393560808956,904.4004016672836,1084.2418850598135,961.5087130165844,934.7618157963468,977.7723793059548,1080.317807053924,1007.0568494461912,918.3511913111768,0,0
120,671.7935901004408,1008.08231081882,703.8611719357176,1050.5872653846266,718.7264386637157,931.892932496642,627.2886936562269,1125.8787111706984,630.6369244261742,875.828008939027,498.9549624935393,1184.690783834913,520.3569609663111,849.9826659707793,929.1956459809342,1033.4867251225903,939.9898616979274,959.939193108956,810.0317107003439,1068.8303861260677,828.6843260925054,921.3327477067644,970.9454168361866,1066.7616871785451,983.240098419983,922.7905874371442,0,0
121,675.3116205640824,1007.6567863559652,704.1958192048984,1050.852912269385,718.5730041980123,934.3118976758388,630.5502036768066,1123.9926552194431,631.266348879731,874.2404535813511,495.05569284387,1184.3283419640602,523.3308637343705,851.7588959749265,899.6370730257468,1053.9383080319217,939.2993275799894,972.4629719865228,837.4770218312198,1088.4540548331593,926.1782849811608,973.9192041625528,973.5687078270088,1080.9518349652428,966.9766835955556,989.8749168334334,0,0
122,674.1781458285757,1005.8734211581846,699.3618580454812,1051.88881026919,714.5658651284961,941.0938820709296,630.697134207687,1124.8489332794709,626.1165865934096,870.9437492645287,498.0125348372639,1181.9023001150206,520.8398811404819,851.5433636174143,902.8160801107458,1054.8802168241414,919.1734169239496,943.7437595925202,859.1974586318156,1080.53938216098,940.8260425696602,929.8103775371968,973.1338194659844,1081.669062180698,1002.0393182087316,922.5483894208002,0,0
123,673.9975973479304,1005.507730880614,701.6676047316453,1046.1423081531848,713.7279584906966,939.9870108577104,633.9121592091335,1122.479805480374,627.2496052557221,870.667675727435,504.4291366557306,1181.8907810185956,522.1930076365973,849.9883703586374,874.3186811786944,1075.6781768238257,919.3606787819236,932.004723026856,829.9964440473499,1080.1642460090811,964.986123520934,935.2095994802193,957.374427110848,1074.3331090743536,1027.082847823402,918.5784223726092,0,0
124,674.6931915909478,1001.2358251343222,701.1125656842255,1047.3987735745488,718.1140157181202,941.7060530282048,632.9209882044203,1122.3737469181956,629.6124930809626,870.841768532444,504.6721288038633,1182.0179915585825,525.9684664623325,848.0840109237234,874.5963975884049,1070.5577151307632,920.2638584026588,932.9673102250616,806.1613819534043,1092.5303370737138,939.291215742828,954.0921578838228,973.721389572084,1080.6878038752527,1011.9210279189408,929.3260077393116,0,0
125,674.8664713618969,1000.663660233026,700.2413103081315,1046.2538800600432,715.2274703979492,941.0690249317628,631.3036929305415,1122.3528788144058,630.7425155937284,870.8891849111408,504.8001569393242,1181.9281387048816,518.429293496091,844.8497709993227,875.2554754845032,1070.4822046418649,920.2990169518944,931.9359656452344,797.174390537376,1087.8466084947663,962.587426970622,957.807171420084,957.9691313209088,1073.2826971744985,1033.487343161872,929.7146783586288,0,0
126,676.5021218187012,1000.2967685360315,716.5471142197151,1048.7786286723342,716.9388329812236,940.2144269081356,631.4514699372885,1122.0346257688368,629.3770629624861,869.2178490475467,503.9182978457685,1182.2203984425228,513.9479553311946,847.9897109346299,904.5351654469424,1051.4802496333407,918.3809253236252,932.232467348658,843.8229522903501,1082.5891382356149,936.988565993092,955.0396688154392,958.1856322567546,1073.997294182816,1011.3524988320776,929.22312695169,0,0
127,676.3205614511616,999.4162639811318,700.711563814756,1046.288850379288,715.8188054465503,940.8123227693332,631.3672964842639,1122.0345887710382,631.2512502682689,870.2140396645103,504.499078063568,1181.7883677486109,517.943821086685,845.8442711532335,895.5073730905282,1069.6858895867297,918.9175402947612,934.7479147143788,827.5870415696241,1090.3792763176775,935.5530279727532,954.592665448774,957.7543635176124,1073.554847599565,1011.5103920290468,929.52051660228,0,0
128,675.821920867394,998.1210299119804,701.5071841613213,1046.2943220173586,715.9001464868552,938.8325167508094,630.368611666874,1122.5942322719106,631.6008019416322,870.3213480795946,505.04294014721137,1181.6323581221873,520.8737505551898,842.620561475004,895.6573761145066,1067.51839239049,918.5871491785632,933.3340028066308,829.0698797774097,1095.741661907031,941.0006712441016,930.6572194768612,959.0688226746954,1074.4699901662095,1002.9186807342252,922.6365245676146,0,0
129,675.4304097904806,997.4193458080642,701.4731657427526,1046.5182246222907,716.3517959406223,939.836368602834,629.5015484892965,1123.195069121754,632.1255754587398,870.2633476397468,504.82065049507526,1181.427571943453,522.0522351506783,842.9180735546732,896.5261442980623,1065.415694484108,920.3798411664478,932.6411571404586,825.2071746707117,1096.6121999276727,933.2597775205058,953.4279074798516,958.7138573059956,1074.582856323332,1011.2605852144436,928.2005077981494,0,0
130,674.2852059398112,995.947280087776,700.6993903667316,1046.416728225024,717.0200297054296,940.447834583874,629.0054078219925,1123.7961410757905,630.9931729022795,870.59260921212,505.0325868901722,1181.4643336288375,523.2995883262049,842.791791323088,895.7771417347445,1067.956977748941,919.5745709782614,933.0713419805636,842.6135900767788,1088.379110074236,935.3536949604168,953.9285697628698,968.1807499775184,1079.4003840775108,1012.0160528711286,927.5985186350512,0,0
131,674.8452056647897,997.8788450130376,699.2739678669348,1046.528765631458,717.3526314362127,941.5892045625776,628.8175008944944,1123.8972920481551,630.9362072194351,870.3691774882612,505.8563418444173,1181.5960256112664,522.3810655769972,843.274803638108,895.9817960265399,1066.716713327244,916.8014907588883,933.7086687501436,847.0494450642321,1086.9569856642277,943.943229752492,931.6505081210393,969.0564788178442,1079.37026383332,1003.086296349415,922.4912184043284,0,0
132,674.1601994017475,996.2608344129216,720.4381374264879,1048.9084909454502,716.435534771149,938.536251833297,631.6310045219986,1119.3779948036256,638.5914751209115,864.2971055074969,507.8881524660187,1182.9711550811387,532.6153204313955,844.7532592145596,904.300915305109,1056.230853414991,915.6034113185768,937.411094962631,795.3557157082427,1090.0063600336955,825.7567250186041,941.8294635579308,972.14086309366,1068.0358483106402,979.0651743061676,931.0292410868044,0,0
133,673.8910257684548,1000.8075318907572,719.9469189091993,1049.487472859312,714.9178628090609,938.0671876883524,630.9680813217659,1121.4257408887652,635.9475465930794,863.5572356392934,505.77968421311,1183.0843831440004,531.0895289308228,844.6338827902565,887.4259126263879,1070.2790430028329,916.0515282088976,927.1256041964742,809.407402604082,1096.2357062929086,961.3842676705904,933.4439151940496,985.2190836570352,1072.858386239438,1011.8791983496536,921.6085525053028,0,0
134,665.0859065607713,1002.9543338638296,702.9960642245408,1047.4307719615344,714.93683752995,937.4792253997376,629.0463172505829,1123.1322932751366,635.434232644824,865.2491516965353,510.9927145433364,1184.7251870788082,535.9777351969705,850.8674131641486,889.058368122314,1068.98364917046,914.7788427027986,932.753452186108,808.5009448146943,1100.543366375432,937.935596361892,952.961974694044,985.3048921344492,1072.313525713515,1019.4188218432996,927.8256985722528,0,0
135,661.8370752619828,1001.903725539298,717.6486846963512,1049.759081098457,711.9189779532126,940.3538608480956,641.8308552219902,1119.8311801660946,630.29003272286,871.9486982694539,508.8361967307538,1185.395244119099,528.3327974485637,844.3824074077396,901.3245454349196,1049.20821213004,918.6868138431108,941.6445162714972,862.2871598341685,1091.8576276276062,959.6660656426756,948.1120301414117,969.4970038777363,1079.8310707423025,1032.9538410320704,930.8162871395116,0,0
136,659.6891615015633,1002.1395898688636,715.4631831215013,1050.825648927934,709.0660167639525,937.9115540941002,636.9206924835323,1122.188182104869,629.4292980238737,871.3711908860386,503.9029568100472,1189.2372354455597,526.2091910730568,845.1843851441238,911.393344393012,1051.444912026859,916.3587105506728,928.794738859223,923.3593770338438,1083.2077965887045,961.096283722916,933.6874952463436,974.4616126270072,1083.0197576316818,1010.46858382008,922.7797422051692,0,0
137,658.7045901959522,1001.1085009101909,699.8264648080336,1048.4209891157411,709.1377495665233,944.2554912805384,627.4992004513585,1122.3570703286446,627.0824209146289,870.4795116505844,506.3961242358303,1194.2097422692989,520.679628994747,845.4992895525752,886.2063565396828,1079.3033987209255,917.4657851294826,941.0285069607884,920.1021153812136,1082.5598817218497,974.3161687863352,952.3708655744856,976.8478642576536,1080.8158095315655,1033.2112313060984,929.1090903187568,0,0
138,653.6122464637607,999.5475671503318,696.9600363484594,1047.9337146543214,700.4426684336172,940.248435957304,616.1515405305184,1128.804809211546,626.545950761852,862.8652234326208,500.8227697553498,1194.4855724617807,516.4654164552999,847.0637670288535,891.3111156418977,1077.1845078871236,913.2147983952832,932.5609203509598,919.7777939958906,1082.214194472269,948.9306351298318,931.7174109039196,967.5736518272032,1082.2674887921337,1000.6132769243616,921.3559093377244,0,0
139,644.290024989293,1003.1961259134196,695.236928912536,1051.106647208366,695.2145411661294,937.3485034323196,616.9650855393031,1129.4716141453391,619.9190854096133,865.3167244759139,488.2334476019533,1197.465069509446,506.8394847220035,850.7175599714135,885.5824556090276,1075.0251925858745,909.3396606742948,930.665490166568,913.6045282063776,1085.092966274511,951.7901106339592,932.2763413563098,977.0830050742516,1081.4817752880178,999.8225613161244,921.3212619083582,0,0
140,638.9407093658249,1002.9324997811524,692.8381984596599,1045.3230531175377,690.8960265518009,940.9755772374116,610.5673245056707,1126.7980718227277,612.8117150851126,871.3110822443574,484.2561468067343,1193.3211129978245,508.8632283750219,845.8423694663851,879.304709316695,1077.166726072425,909.9134936289296,929.8987676324782,914.8404673513106,1084.1702627032057,965.7544698408273,935.8797829857124,970.2601410477616,1082.3731154890993,1012.7041654251952,922.427179923748,0,0
141,638.4043731491029,1001.0374348659362,691.0561872861784,1049.2847451035543,691.4741695686806,944.8411516333924,605.720244309682,1130.6491104563224,607.3521560252254,870.8193438303638,469.1309530558294,1197.7333022880696,494.585970602978,846.0918886743864,878.9104310371786,1076.3118320664091,912.607719833116,938.2343208710996,870.245150006794,1079.156567239306,966.2086881828944,936.1963240422368,936.8917308951228,1073.6109941133589,1016.8031899857738,928.030219712212,0,0
142,632.2071783440321,1000.2911448706432,674.3731189921245,1047.111943768369,684.3569161026933,944.847765494409,591.4819804713692,1127.5301650900074,604.2916662764331,871.3311485049481,465.3689611655683,1194.5152902708255,488.36743790089537,848.5495871852901,846.6428044868538,1076.4761601433345,912.493229284398,938.4377462035326,877.8620412104771,1081.7507533200255,960.0453015638732,931.3586546864956,960.7622887223222,1079.532347825588,998.3439474515084,919.6926635473112,0,0
143,621.2215820679584,1002.0945992003813,656.3648311183418,1048.5590944983871,672.5000068580221,936.84911723701,580.2774620304182,1134.008117720627,594.6093953880438,865.4168553180681,455.0311764194999,1195.4905428245258,483.2187899625503,850.0484029866597,834.7433695402505,1076.3217367134405,878.6370072780256,932.507780749162,885.2969012613879,1078.8165319079778,952.2964639254446,926.2437366090392,955.2049630392048,1068.274208309894,1011.3848176021104,918.8705428639902,0,0
144,614.0691121253917,1000.237109922119,669.7543060143995,1046.3920056233069,665.8140519319492,935.0816853093716,582.2534581495664,1124.39659146681,588.225718065418,864.9159118517807,443.7101938820629,1195.964757735724,468.9038427102395,838.4411845322833,843.4144928613471,1039.6378112837815,837.7587590012965,960.1645836980794,825.3261313171784,1097.7308640210267,813.5616690904793,893.6100335159695,970.2727487834438,1071.5051143962964,989.2825425027715,922.2732929619336,0,0
145,601.5199369695933,999.7596533310756,651.6170176293977,1049.7262418524122,656.7808110568241,938.535147953524,567.2211986090333,1131.9157378275895,587.4855643224033,863.7448588755971,430.047196783852,1195.9280568024064,461.5228922562419,851.4105758274592,850.1658665095256,1035.4775554760688,849.3340003877994,929.1084462207176,852.534249731096,1066.9573718988222,840.8356987763443,894.3275271155745,979.5849915195656,1073.8750857452012,985.7588322295944,924.3405826296728,0,0
146,595.0810820104551,998.9722594542158,650.1474337335991,1047.453663508565,647.7108609877885,935.131417077574,564.134624813561,1132.5208129434354,565.0407933010702,870.5067245404919,432.9782996159071,1192.6879286363142,446.9656001017834,834.2940024853103,826.6524063130194,1064.8971989258173,847.6146632518197,949.3391292328172,841.8406076022025,1087.4083517440358,920.8923378117836,909.6800280142847,965.9727468106154,1071.5869750528104,990.8194105150797,921.7986801562286,0,0
147,587.3229163954875,996.800788358062,644.3135160339514,1042.6355639702251,642.7680386120383,942.0041792713308,560.8281655181369,1124.4443206450767,562.484783078356,871.8838027853199,419.8713172892755,1191.6288727053293,438.13682600797694,836.8663335459623,795.2575271864396,1050.201497410782,845.7540289354262,927.1368680080888,816.4193515256725,1096.890966904505,863.3363398835934,898.7397634939268,972.0726287008416,1076.6972132450865,986.054160225996,923.5827084554636,0,0
148,573.2827620636502,996.9654164534996,632.6644859264359,1048.7101020224388,635.8571732400762,938.5844202763363,544.0382483969739,1131.4315520096666,563.8130577394959,860.7892271738382,406.6993712882846,1191.5598724836116,436.52595966473046,837.1785976569676,817.1262740592807,1051.1872344679207,833.6402628170653,933.2991125371684,837.1404190956383,1098.0514963613898,855.571873916606,898.9391264680727,974.1438821512328,1074.5884140653702,992.9324299151316,919.9782014576326,0,0
149,572.1835609158242,995.9275595884304,627.0293447348168,1055.157663988594,625.0379834714574,934.018929598526,537.5225097894358,1134.2528991923448,540.7181771802964,867.144495104272,407.0219263081743,1188.7985007505397,423.78532559725954,838.5288814233561,814.6140488722544,1048.6344502692184,821.2865663287853,950.983341505736,829.7407119016808,1099.885677699216,840.0423607001534,896.3823397802483,974.6716866412614,1073.9070222449602,988.0010451762046,923.0657762223356,0,0
150,554.6532151478939,998.381112327828,623.1126687554606,1047.4241137031595,611.3929893880578,934.2514499997848,530.9336273629891,1128.057080338231,540.0908019483786,868.9710158797243,392.2609058623196,1190.759774235397,415.9017513012234,833.4727972452471,791.0647500661942,1056.0907713408683,808.9540960264763,949.7328707367774,839.6264517477802,1098.1241089136263,830.3379863446338,893.5730733878468,979.47517132108,1071.3951730833255,986.7449764467494,923.720479176204,0,0
151,552.6904478928823,997.4854023503872,607.4084078288977,1047.164717428304,607.8182802832793,930.4245914456426,513.2194858347641,1132.927231743089,535.2404215679987,871.3023238563959,374.68597546045424,1189.125296251464,403.3327452383053,829.4665134942857,789.2496057914664,1055.136171631039,786.9395570792209,948.4773024699864,855.0027849770336,1092.1818574993686,848.2219025372528,896.6392235682346,969.521464954272,1078.9316031338974,985.8981866675329,923.3676836404794,0,0
152,532.6827378142794,992.8410176298884,598.8014914434505,1046.723874531451,589.7090153390316,936.1251530587716,511.4660137558479,1127.4208978096588,517.3854194908985,871.8780082573705,366.3646542731435,1191.0301622198751,381.9923627082021,826.3081869984444,788.1080152216441,1062.019336092218,785.7212023989276,957.7660608116448,861.3183628474162,1085.3349739203638,844.6585793364962,905.8394701843488,971.6842894808368,1073.035437522961,985.781271206542,923.4727557068096,0,0
153,525.0564181820158,997.335483234302,572.504477730343,1046.4565250752694,582.25236791008,936.9213160865892,494.2712092802645,1134.347855724192,504.8731266413615,853.561465048247,356.8165114704127,1186.3801591524214,376.8867564604403,830.147847799936,774.3909086269582,1041.0157423278674,786.0772151475765,936.4966291193574,819.8755339187205,1100.1189077855208,860.2466413599616,911.7757104653632,981.5652193483668,1070.6192337249151,994.4664357139476,923.5765767430314,0,0
154,509.87982312166486,993.3725320408224,571.7093529471805,1044.6399271094035,572.2723759228293,931.6910947061128,489.8144977703516,1131.8319004795992,487.6375922115013,869.2332966374967,347.32143580681014,1182.5796181414603,361.52058362030704,830.4228776627652,771.2883013463609,1059.9734837898518,781.7154535856606,949.3178713067676,812.8355307510832,1103.9348208772883,845.1719080177178,906.6183545675284,979.0857488932318,1068.8023969550768,981.6556837778872,924.3025447724935,0,0
155,498.43148012000034,994.8652572687894,562.0432829639847,1046.7019624170532,562.7213931734757,931.3284496837116,468.0083070712839,1136.490168182575,483.6898243163745,864.7204746804108,324.6286486959271,1185.00930864613,345.0662272122188,829.3723446792054,752.452038193245,1052.6557557991025,760.9223364543542,940.7204720345076,812.7919211716273,1104.1334916562566,824.83422972601,902.6425785075908,975.0370996919193,1078.6817805439475,982.3092354723628,923.412474857193,0,0
156,487.7106576778178,993.445215897907,546.0933792947637,1038.8893927799088,544.5994083220999,933.500288403446,469.4779445415045,1118.410853512755,462.1014698956195,865.6413572873377,328.9150718966758,1181.3849114635952,337.9310756200932,834.1867390561857,750.2591594204946,1038.4525986089154,744.7119726967284,942.6718159829056,805.0498573491725,1101.4174457580882,829.5560998011317,901.6645968827494,966.6565374156124,1079.4083688751375,981.5012668912216,922.2531224348194,0,0
157,475.7231564267559,992.5975142849622,539.0114956621386,1048.5228823984835,547.2744769826821,933.8266439669104,445.09029710866383,1130.63268343374,466.33448676418107,869.229931855885,298.13941732339646,1191.98196489613,331.42602937894304,826.8471440210841,728.4707286422987,1044.8952347911693,732.7572154626735,941.30700284466,803.6464191134171,1103.7182947925398,834.7113052487218,904.0814720226684,965.5356551177788,1079.7750654928304,980.0893692542425,921.7151552714644,0,0
158,462.2193979131849,991.982181697624,532.5302141137489,1045.324631914507,527.8520962599815,933.531667918164,441.56313128527177,1126.081671676243,460.88656339905816,873.4859393117711,296.96019574476617,1188.4918697225444,322.8051896709149,823.8668818757607,727.255875050479,1052.3020669347131,730.3010076912233,943.6722536108058,819.730457062839,1096.3601843772965,844.1027206004208,906.8522452327104,970.3328087239952,1077.6826354845932,982.2441760337244,924.7225374758552,0,0
159,455.0814928469019,992.912518902792,511.0557749863564,1049.003618339858,517.7370635802786,931.6420457154668,424.9828950760423,1122.764229756957,450.1588847702284,869.9702416615484,280.91126210047764,1183.9366085997056,322.78250090322507,829.9218306026418,714.3414472324484,1050.7352532156244,717.2355482203133,945.189674427893,809.4120729543142,1099.0012567591616,826.0389148925464,907.0468617256385,970.1406386118716,1077.641612325496,981.5361364734188,924.9743108167796,0,0
160,438.2284998800727,990.4548949971085,497.1185183680104,1045.9044271072512,503.8014004661451,937.247099193206,421.0713729560762,1125.2906863221694,420.9624213329062,858.5902556139788,269.22123952401785,1186.7248185358883,282.1218953672094,828.5051983476649,710.3302874025659,1035.8682640014022,725.8517189174696,924.47130543795,807.5778682396223,1096.1375840948751,842.0595073327906,911.0538417079008,977.8863341104534,1070.7946086718175,979.8876649040548,921.9725967171788,0,0
161,426.52105716177016,988.3948165366616,492.664567949868,1044.020577233824,498.2254205041496,932.4494170582008,397.6786186109129,1131.945913232135,421.3738246763946,869.8415875347287,249.57409551766816,1180.670859331948,306.6482181821905,831.7655099480578,698.1098961303076,1043.0113216851407,711.6726266888245,939.8049951423012,821.4072721801281,1087.6491670517428,828.4170888397256,911.6208174997704,966.083696236536,1079.1201183534913,979.4103784151908,924.841930170781,0,0
162,418.00264480055074,992.4653393130895,479.2928978432604,1046.1036172007744,479.9157045163476,929.4684089027198,393.92694649367706,1133.6880437106793,413.4853928544897,867.1737886158357,234.3742523391783,1184.1696510062684,262.6033545842561,832.5410191229737,710.1429430064981,1035.189636925579,708.6541178570611,941.0764244914844,821.8473056946991,1092.7841957871483,825.8990642215247,912.0466204551456,969.7206811074008,1078.892388158121,979.2450477490964,924.2079336655482,0,0
163,398.1649719010094,991.3507004961384,470.1159126085794,1045.164189279123,471.6398981279452,927.4402245627356,374.6733787744966,1125.677885438133,410.02564106558015,873.1561368988508,239.5141328233736,1173.1178946288346,309.8765780246769,840.858852770467,688.6215405408365,1032.6387325513897,676.8106507200878,940.1026942290252,807.4571382797895,1092.960985395332,815.6714820613786,909.9591723686628,971.6118605456207,1076.8004734283156,978.4867426570896,921.8244279333112,0,0
164,394.55860901871023,990.5955565912948,464.6289651322581,1042.6930582129194,459.7473388096446,930.4616854385276,370.4742182618775,1118.949102195723,392.5725288539931,871.8936549627457,205.74218740078808,1175.0003210960465,232.8627303858882,829.1151595273324,687.4791517121273,1035.7216386984237,675.4602672343756,940.84547683301,806.7757315691488,1097.2397444793007,814.5155750666545,907.8376580545956,982.7255857440368,1073.660415100053,982.2536011139034,921.4632856942204,0,0
165,381.1105216123037,986.8510985251826,456.6337420757477,1036.884125675199,437.4065075243093,928.3620993833522,348.69062525398243,1103.090062754545,384.75752479543297,849.5293157999346,200.9007713605585,1173.281703391205,236.60899952267167,827.7395228512755,670.0564068222542,1030.0828486098517,672.9553295080931,944.332787417735,803.032985955128,1096.903239410647,816.761200536522,906.9067396266246,973.4916624508226,1077.1130039234708,979.8804082486035,923.076881111588,0,0
166,370.3638897760637,986.8059047051514,437.70237494817167,1036.388820673419,425.05287934341726,930.3251548167276,335.1734075062606,1116.2127645185642,373.1591801091505,873.7929699159913,200.9091071220616,1170.658336810379,268.9104784108572,840.1447871850748,654.8172977779869,1036.7139465645953,651.2598506449413,940.990327250686,806.1556705851858,1094.934180243588,814.6486974599612,908.5304236709852,977.9755475772216,1072.143779813499,984.6198172501066,920.9780662923416,0,0
167,354.7727663092247,986.3323510455176,420.6494824194939,1038.12927918781,423.33027383285935,929.480575796964,322.885583448472,1112.5715609178396,369.6009672385664,873.5335144446582,179.86242133092196,1170.094600007606,315.0937612515587,842.6217817296709,646.8881102191145,1037.3530162668335,648.0361665519843,939.5935063078332,804.5440160282566,1093.343418858491,811.6913799935726,914.2214492696947,971.1910267645112,1077.8656683031204,982.7707342487628,922.7225114877044,0,0
168,341.69071149143963,985.845346331684,410.9404859307218,1034.4097868998554,411.66064938271154,931.6067370345364,321.82745647058374,1114.7177413278955,344.4210264307625,868.4024781080662,172.65531552318478,1172.9897254254345,199.72576106633255,827.9721360833745,647.1969376304835,1035.7620127143273,643.2665653501592,942.6000523619754,801.2797141106138,1093.544826129182,817.7497798785741,912.5838547257446,964.8362859916934,1076.186735109754,990.6169286660936,921.5155629109672,0,0
169,332.5904526977142,985.6527505912474,411.6278109407859,1031.9826855684012,406.0514984825342,922.2985624583832,330.70403100300206,1109.1702375895482,345.56166337587433,856.6381939082878,197.57450158326304,1179.5725023212196,215.68922442174545,824.5058654740311,664.7669559275375,1037.1198652212802,639.2777540903872,938.1388564603808,801.4898035275145,1090.4719968371144,812.1049993090883,912.7822712289332,964.2696882627408,1077.5684374067207,990.2399334950936,921.6639731895564,0,0
170,323.8330604940149,985.9483704016894,412.5764759991352,1033.900706608623,398.5949742747531,928.7656834789448,315.9462680494212,1108.3122125607392,327.2456754974643,873.117914809452,153.5906592519137,1168.4013399212436,243.84930138160095,847.4329895871603,633.9866008684136,1037.579717923402,634.4492069611468,938.397915046238,801.2578570858244,1086.6083665072788,807.677677387689,916.319536577683,979.7438457077284,1081.2859353451586,985.7175909744282,921.1999444450026,0,0
171,312.2830568457456,983.1144083150602,380.87264255677457,1039.5464832269472,383.46903851810447,925.5019515792208,314.72303139992897,1113.2331057737017,326.04784919629634,858.9400987253744,177.07443653994633,1177.289889501702,192.1695228050837,828.3265171429413,632.6020449376695,1039.35564353657,626.1575087459252,938.7540383657756,798.9676309096952,1082.155788317925,803.0706635067149,919.8323282189968,971.28815451276,1080.118117153776,985.9925056092916,921.279721116424,0,0
172,302.69645229582665,984.2031230267842,384.08934996249,1033.5050804031675,385.3347784769085,920.6019577710266,289.41627591732106,1108.1321325028846,328.77881473000554,857.1649053322752,133.67021320080104,1162.9214977569918,219.50081952991655,833.9353262335829,621.259463872029,1034.815660150151,619.592201074171,936.2163243794774,804.9774381243205,1082.189982524258,805.069702654418,914.9687193703074,967.802698888146,1079.6308574914758,986.2289769131744,920.928446526566,0,0
173,296.83533653636283,982.2238067245764,372.7580155073744,1036.2053680980496,371.9336471259981,920.6375523440372,284.86336081793775,1115.4572963784672,295.11954904067653,857.0832760801743,139.881195048517,1165.251728088693,156.94627977626686,824.8246950125713,614.952547646313,1036.3498080083327,616.7786974466668,932.5067165579366,798.9959115076747,1077.540524922076,793.0830351552975,917.4072240959802,968.4902597930868,1079.3645809714535,982.8938034017932,922.946095407053,0,0
174,285.1657422218273,981.457127578814,358.4144025909265,1035.6939441644472,354.65809260295174,930.855130791927,263.7512455060981,1111.7324999515663,308.54133400092354,878.3761980111419,105.67984862507396,1163.9681479897597,213.74326614161612,842.4034832821972,617.1036638178037,1037.812715470134,606.3476771341034,935.4982657225844,795.3401791258813,1070.671111365437,795.3038717401353,919.0573272592964,973.3402189445744,1077.7487357515872,971.8094590860472,923.028385069859,0,0
175,278.7538261562392,984.06539838512,366.0427845035945,1035.5546588883692,365.05273722238127,918.985462062592,263.5688781738281,1125.7510156232065,307.9937511736767,861.8514729877503,119.1402058297543,1158.8275904378677,205.3777634678953,836.264025529109,609.9737734850423,1039.909175841971,607.7492475478639,941.216167867578,796.1424072077122,1071.0959994661555,796.6360894787296,920.9956089667236,974.849646807647,1078.044693923715,979.4888488710004,921.8075653457362,0,0
176,273.81735201464824,982.7669572795164,354.7631570669702,1033.8105476822248,354.7088315986068,922.6411297845106,261.3261296504185,1107.569652448061,282.8859550218123,862.7213759916308,98.58526316668804,1162.3922745188224,148.51335771062128,828.4063099588567,600.5450355123016,1038.085605640958,603.7163369212255,936.1789915826196,786.6115905404555,1071.8363819220417,793.7225757990764,919.312754679392,966.1869882452162,1078.8401486118605,982.5850747682648,920.8111244891164,0,0
177,268.8031302533937,984.5867780899844,341.1980427815173,1032.8092661681726,347.3212482963333,919.542102687592,255.7188029593082,1110.4336481703983,271.6183105091745,863.3055833400304,116.69659072618025,1163.6742172969955,124.67301049995172,832.7228525401389,598.3596899729556,1036.7248102954695,595.9906283652673,939.1244280364564,783.0810026508624,1070.7751559019966,788.729140997243,919.3045041703024,971.4286430542428,1077.7679779703,982.9144436175244,920.1338535507842,0,0
178,263.141024134404,985.0909935070432,335.2366303467471,1038.9852360396767,336.1934172874619,923.2226087134346,269.95429566064644,1100.7574043582242,259.5865253106205,862.9697267418833,109.78570995157187,1162.7760883362132,124.6026860349975,829.0524899653002,596.2354420437459,1037.3255363200888,584.8355818848926,940.957550564555,785.568717539853,1068.519417610701,789.2863792746832,920.044591989174,966.7279439164696,1077.9261576857837,984.9764655253356,920.3571211389548,0,0
179,256.0552449716238,982.8852627857216,344.7246916117376,1034.4326717200129,335.27538373969463,927.368286043121,247.24563846662545,1104.0990105488124,272.77231427255936,878.1133643044523,97.08822907644998,1157.835021569044,185.3404742812614,846.1317151228704,593.1045514864481,1039.6569788342097,594.9934188535216,938.3040240509908,787.3966460110152,1065.4461487175174,787.2221916208651,921.3513461637812,971.5570301383308,1078.1837854658656,985.6099438884324,920.0271666987164,0,0
180,254.78491104780773,984.7167735551756,343.93900396299915,1034.3302846848308,342.5290805434684,922.039085461058,232.3286148289555,1116.8143931212976,259.38674093377915,842.3475870080593,93.47990336126716,1150.8581393716267,104.25463305648188,833.0673215531148,584.617374603708,1030.6109538418157,586.7127291774873,935.8962456607188,776.2055881435756,1065.4579197353164,789.363496976339,923.5710257278656,958.3070560053512,1076.6108724915046,977.1226334044776,919.1964060203896,0,0
181,249.77774528905223,984.1129775541308,330.25677297763303,1033.4569751927295,332.8799424214853,926.8076456197476,232.02535145614485,1106.4527592038864,246.9068632882345,873.410092479249,78.45688272979696,1151.0030429315952,103.4159013725846,848.8064285939797,586.6252220560577,1035.6133791035716,584.889044930628,936.0904793946032,782.5501765634365,1061.6727576161202,788.343431946515,923.279431277912,963.560897823428,1079.756601573263,978.0509944265932,918.6504059622694,0,0
182,247.99936788444865,984.6090124215737,331.0165373029572,1033.99806059782,332.827813169581,928.4186656539885,232.99000178263927,1123.0726235618845,244.29839433092133,869.1789381264065,76.64084242286235,1151.0831318560286,83.78413037918943,840.9301064944635,597.7651230473512,1034.1052237124588,584.6704952754031,937.4911138014616,783.9343333647372,1063.3076636814003,785.0583247369535,919.4240904730266,971.2961826398872,1078.3802713566542,977.4532833521016,918.7082664831696,0,0
183,246.5012127494316,985.76558984088,316.10237688329966,1039.9629169943405,328.0533025416658,930.8432322998945,232.65941545464125,1112.187595073131,226.8514793405917,877.0438790303833,77.62250798576365,1149.4603332362572,90.08135499197732,846.6504215686134,582.8521978529593,1041.159078022034,584.1522481431034,937.756406852728,784.892529647589,1060.7991874261782,785.9583375233822,919.9784036001504,965.7958868452104,1080.118706427805,976.37162916682,918.6570911281342,0,0
184,241.10690574497173,984.9750605687598,316.78931850140674,1040.3691501323133,321.2294554245332,936.1727019568564,223.02475749438696,1115.976687619828,233.3674201915726,879.5439292576978,72.90687899595738,1147.8761239931218,83.9131536595378,849.3279340913592,577.778760366849,1039.6818398413284,579.8203329178074,942.5746331926132,781.9420372277149,1061.179880132402,785.2642353489432,920.4813516744352,966.2325269041004,1079.249672535848,974.7468616004418,918.4552190305554,0,0
185,238.2700235790952,985.9142678489936,315.6566946156158,1041.0442429093384,317.6921181622965,933.1367904136148,222.01686189450584,1115.5701558087171,228.2702961141638,879.4972017107424,75.78961651408936,1146.8563405526727,84.35480780037233,845.6952756367389,580.4983440146179,1043.9463899207417,578.102537385819,942.0426045122784,777.7561712078992,1058.5139265207576,786.9818299768494,924.481467556025,963.7563791696674,1077.9201707692816,976.2226949525592,917.3509114284362,0,0
186,234.89781507435015,987.214537318536,323.8392952173677,1036.5151849728486,324.29557249666965,932.1333603364944,229.4677353401333,1119.9487477343894,231.114128221926,879.5561869647204,72.23732361712908,1148.8635814478955,81.99633316813892,846.0751804685348,578.3881975429421,1041.9373220069544,573.6929706975294,940.7829754427896,775.6321864630372,1057.5091098670484,782.8852363556662,925.0493124598182,964.5945054625968,1077.4056309483492,968.4174119728592,918.3482301419136,0,0
187,236.72495265310852,988.8285780548612,319.0560800852484,1040.0164978789724,318.750631545703,937.3236160222264,219.24129431517443,1116.7970794969233,217.05920275228075,874.1276506568298,67.0035048207009,1146.1038477082711,69.1006389860989,852.2662730220484,578.8451471812393,1043.4560977843298,569.2831669424228,939.5329388934492,775.5263314414551,1056.8452893102285,783.8111604112642,926.9409628145664,967.9248992984408,1078.2475555442345,968.0531969802122,918.0255165072068,0,0
188,234.7983474632233,989.1670231535364,326.3500852795664,1032.1314483351082,322.6085581488045,936.6673531066313,225.6280913433576,1104.0525366049494,217.41227426516528,876.027310025946,68.5803550055495,1145.4412178078792,72.32397622652884,853.6424296853475,572.5857742369097,1043.0915046596597,566.5908834807119,940.9407818168512,779.742223915725,1054.3033269676191,785.7157096813187,930.920888661112,965.2473308888152,1078.0867913643465,978.2926324812116,915.763037217005,0,0
189,234.65932719574167,989.7496295062872,321.64370557886724,1031.4264599914327,323.91512445417584,939.9961782395184,218.6873776518942,1116.9343642011274,269.35287991487775,875.1453188322293,69.77780511382342,1146.318225398123,136.43087503658933,862.8298885168879,567.6370660412296,1042.866240535739,567.4080514597799,939.1804857555336,775.5473064973232,1052.396633980644,781.3670792102193,932.1331181690852,953.2956731024892,1075.2219589872452,976.1993271290712,916.1730972727288,0,0
190,234.1422643773112,991.466117483303,314.27958921276235,1035.2315534133406,320.65629014113165,940.1000613311388,217.85639550813,1117.695279762554,237.8242442077716,879.8856274719014,67.91677150056637,1145.3872521461417,99.75634243770445,856.9426741028954,565.2994479314558,1041.28956959407,566.2208985228222,939.9441660615472,780.2749217595173,1051.2540350023392,765.2266796295602,935.1004600104474,962.309638235442,1078.4857527531744,973.186144934209,915.4057562027148,0,0
191,234.2949340681416,990.8757900263264,311.4311738132035,1036.245899522769,317.6025172854896,937.0445180832684,215.065564575989,1118.4218122607028,245.5149703404063,878.7527521877583,64.96141351866008,1151.0247748919396,98.48810729186772,859.1717261343122,567.898777762067,1044.103547151609,567.603067713069,942.060927167524,776.3965086323077,1050.4869529169157,786.8207825857888,939.657550169912,960.2134100637448,1077.609055608095,973.9577719759104,918.079181477745,0,0
192,234.00850645742423,989.5870221633407,330.11798575888685,1040.7681041215817,337.4333775276015,936.4450218991092,208.74626864072405,1119.800894440841,329.2635212763078,910.718423029152,59.83767165939271,1149.694247950008,257.71463366881767,899.1007513512942,567.318218538758,1038.8097068792229,564.9549151769074,943.5237609280288,775.4653717854552,1049.6024277103377,783.5265007564708,938.5103412659006,956.0429955768956,1078.000520570238,963.321241520161,919.034893812282,0,0
193,232.91726111125573,991.407526424052,331.3783454646989,1042.4674947431736,341.92471820449333,937.2226214496465,210.0310904275921,1117.7565682976672,319.93501368052625,891.0857652023731,58.4256735703725,1147.2962685948694,221.6489958050037,873.384014412728,569.2207500621463,1040.1261512818012,576.999602100784,941.2476025426504,772.4425274435968,1049.0134193930533,782.2216019549822,938.7915043547082,966.8374306978887,1078.4042264222223,980.1475865695194,918.455638787398,0,0
194,233.1128800767916,992.2282574196058,329.03858169932664,1040.622432016433,338.1673832708589,936.8498289401176,222.4023673624304,1111.0935832856771,253.42032632220085,874.6280721178133,57.94125029882622,1144.7963973023627,92.80767562330466,856.9106202192118,563.4550881850859,1039.8696421806117,575.3868218113139,941.1666997927764,777.5942264452711,1050.3594578302232,781.4370929435263,939.8347521353784,956.0251901177652,1077.6259535117504,963.3264529720548,919.6353021603486,0,0
195,233.78348852785103,992.846187904072,328.2947196017936,1037.7909838040905,337.6943438942937,937.1311413654942,220.4296553553468,1108.2005279787668,253.3435059585869,875.2176623095668,54.34401716770524,1148.7311172205066,95.43977625813378,859.5022278056261,564.4015566921357,1040.2993843925078,562.582123784932,943.8201112768214,774.8806183545889,1048.7445113205192,781.236190200627,941.4078527894816,961.486530862022,1080.415656140935,968.0099865301996,920.53493558616,0,0
196,233.6173180826929,993.1360125217608,319.9738216524161,1033.572510236506,318.80012794960925,937.6307623286532,211.22278915425116,1107.9312398379382,212.78722656408735,875.4785532954859,53.3254173983213,1148.5465331851867,84.06212671525456,863.8381330166383,568.8582373967561,1041.823594137468,562.2451892646299,942.6778540236384,775.0720230221593,1049.8556736056898,780.8743311431845,942.026692768128,963.655857481789,1072.5760324942023,963.584622753922,919.24389235856,0,0
197,233.39857371792837,992.4595353675188,319.26296273815615,1032.470876902539,317.80584828906314,937.4001247789998,206.92924926122856,1106.9965801757544,213.89790469245264,877.4819154760402,49.90293197731047,1148.953506279132,82.97781523864508,863.5987572596408,568.1421576550784,1042.4817970830848,560.3631760333077,942.5440968913598,775.8453617666415,1050.8321020166984,781.4698697748668,943.1190628623542,945.909391993509,1071.412907809917,963.4668259936903,919.009770288965,0,0
198,233.75171085947972,992.7455323868865,321.1848768177206,1030.8715918973296,319.3326443100472,939.7898341171186,209.9149839403725,1105.4475962844165,212.73130022502843,878.7741342246052,54.73455327384959,1149.3688099319493,75.51618940653509,862.2856724253479,568.1103130186798,1043.4203760734297,561.9762592484643,942.7118328018804,775.6351772551418,1051.1129475971254,782.110708259017,942.2989023896722,946.183793485862,1071.482261865127,962.9202731347052,919.209386193516,0,0
199,234.22600789559988,992.2878198392422,320.2288171497836,1030.765657782292,317.9628601867914,939.425121926806,207.85371877127105,1106.1340951569198,213.134378103348,880.736029272479,53.58092453141826,1149.586238594812,74.28084091960376,862.4821697518197,566.8444230931633,1042.0879440812134,560.0339334187798,942.698001006699,774.4586119633192,1051.3207743222183,781.5186519647605,942.8417892512113,963.060893603202,1072.5645591405105,962.9289414761744,919.403149719014,0,0
200,234.9862008162996,993.030710062676,321.0352206881241,1031.6789437321336,319.75475450175946,945.9243503096874,205.75160846288557,1107.0337537139064,231.0482290042237,892.8534392974204,54.55632590503469,1148.418122571151,77.36045807638776,862.367045047264,568.1372515773896,1042.016359395091,559.1403038573047,947.79977021368,775.4394076115443,1052.0309416850116,781.66804691905,944.143740438872,957.3683598075638,1078.9295796906572,962.4615166990282,919.260623435778,0,0
201,235.46526463661144,992.726543771266,323.1278429663848,1032.8272373443313,321.11603502489345,945.7748267337034,213.1852363020918,1105.4607473201038,227.12122923376037,893.383237010499,61.94355293740221,1142.3838569590662,76.57953989056213,861.0278986272875,565.4619284383032,1046.6922683211303,558.0010951727977,948.118467895009,776.0164657463797,1051.7546320346942,781.9194489120662,943.995959122859,957.4025041260242,1078.962986684739,978.4292847592436,918.8157995757944,0,0
202,237.0521879010145,993.140736131612,313.49760188237894,1044.070013692325,315.0624193357708,945.1611677922368,209.16327051130477,1113.4712303324188,222.2575289127265,892.1129344124553,53.58373317048825,1143.2315249586702,77.81520044850124,864.2915067315365,558.676419177508,1043.8286447630132,557.19550462631,947.4799020250084,778.0975286734274,1053.824076992374,781.7292664109963,944.1209215420648,957.4339014159996,1078.6986757568538,977.84825006294,919.0050036271296,0,0
203,237.9014134748084,992.7452740749834,314.1065910005135,1044.7420840855473,315.53594757893615,945.2459721281456,208.1942699417491,1114.1346291143348,249.80548327858952,892.0140090258485,55.595691120361,1143.161703385823,98.48555714938358,859.5522151949825,564.7555255765877,1045.4667687118274,554.5693309967477,949.58926764943,776.6576142924969,1053.6667038289,783.162687571988,940.4149576673432,957.4285721003776,1079.0265058507646,978.8356748761994,918.6293199078116,0,0
204,242.5806319481065,994.5107592457276,323.7994572772161,1042.0633681253155,339.64767602392226,944.969808450961,230.64550471708893,1122.40256618525,397.5201441314657,922.3056700718396,69.63779355211592,1140.6357916972815,470.5119885610821,933.6192343079108,566.7785921828489,1051.9480915055567,566.17378115809,949.8487068080972,776.201920974394,1054.2098382393465,784.6409424879771,943.6747576890843,957.9518883932086,1078.0560468663896,966.5669835838446,920.5699082598102,0,0
205,242.94366395054928,994.8831911108058,328.27568059159813,1040.4465172380144,333.4828833640784,948.1884864075582,211.60646773438768,1106.0988572763224,380.2737608811634,932.6824130493434,65.78824833248619,1146.0342198693515,465.4221679330337,950.263762575664,557.5056623575435,1050.3635376783789,558.5680749543466,954.9467047832188,776.7494837112328,1054.2542692320387,786.6712215507913,942.0537973553884,956.813442641954,1077.8836667231126,961.4577074881802,919.5670916734592,0,0
206,242.5036448341042,994.418158464621,327.9594187246652,1040.2655495693368,332.80280195070026,947.55663869663,213.8801126269277,1106.647099054184,377.9505931323464,932.9938941523926,71.44626111450988,1143.5742698742308,434.6246616924072,951.5108144116876,558.6277746069105,1050.4359067178316,559.2717736471149,954.3854199254628,777.2050832740972,1054.2461768044525,786.9843185087484,942.6868673600668,956.8380654462756,1077.9670678334232,965.2117395587022,920.8846677041596,0,0
207,242.726492999589,995.0205296299898,327.86570165805296,1039.4555547463378,334.1705489065619,946.942467840168,213.66887939611863,1108.6719574602453,371.1380281187933,923.8163588031264,64.64419116279393,1142.7244210225708,435.9849363557694,937.9235669429648,558.8974628894939,1049.8531106672772,558.960271867571,955.0530996890212,777.7233783042321,1054.0944979385276,788.2512892982274,940.587329065686,956.5267806431408,1077.8471680584416,974.3614097069392,919.3446407276072,0,0
208,243.61999515439197,994.6565197251634,328.6947698555935,1039.4575714627056,334.46408500596976,946.9784337365392,218.04278092204515,1106.9971941710396,399.8713473752819,925.8437022840512,62.9790956177234,1143.0901113001412,475.1306343698688,937.4384020287532,558.9582283382142,1049.094254201515,559.1194605610306,955.7707305168248,777.0020522872865,1052.528399285983,787.9007706065481,941.427801329804,956.1249631030972,1077.6699257317402,974.6442317590602,919.2862743458968,0,0
209,244.7678025336197,993.9582166314387,328.4516136357936,1039.3660187283306,333.00788383335066,947.9650244127732,221.83474636201893,1105.455429559241,377.71754037884335,931.5993643823044,63.59577806470298,1142.5526442797548,435.8022690067365,939.6583991012182,559.5559534759918,1049.104479720363,558.7274578550856,954.7605197522504,775.850953596931,1053.9991176137148,787.4839348166754,941.2033962274984,956.8717985810476,1077.8024128304958,976.99346614287,918.6221201362022,0,0
210,243.6981069964147,993.7940701800704,326.8161646690418,1040.4843047714514,331.06320598190564,947.3084218111396,221.73625514473187,1107.8872491190489,369.5747010388517,924.8017635527646,63.81820567097558,1144.6882574458407,387.0024203138016,939.5041371162632,557.8714698498828,1048.7447568513646,558.1177584991653,954.5882902909168,775.0510693960598,1053.9680636796245,787.4705063878172,941.2829293861362,961.5261270475944,1078.8603642090204,977.2591905879106,918.4101819466528,0,0
211,245.55024491174945,994.4527413160112,325.275897359662,1041.2654305485398,327.0164050981499,948.410812927291,231.7872238655239,1117.856439482544,290.507959234389,910.323817962938,69.80438589584688,1144.0354063999646,152.9761043791653,867.7038170606402,566.9420089027196,1049.722696790618,558.5754866407813,954.5576090255614,777.5818895952599,1055.553761075123,787.7243634287184,941.3276213814808,955.6607956508044,1077.5873695166124,977.3426816367358,918.5257946858068,0,0
212,245.65407649438308,995.4907635780576,328.8857358825842,1041.3801923383255,329.68295810436547,948.3630985481436,220.58263711718496,1110.0732183071027,321.32072280070247,916.933506300658,64.3370836577893,1145.8549470361938,220.63015495072105,876.7586162491461,559.3813211183088,1050.5509860159982,558.728311027755,955.5405530852488,777.7266356290859,1055.537277546812,787.7611288757721,942.1237070502648,955.8325271209598,1077.6976808075692,977.265697871135,918.6233693164206,0,0
213,246.41604046827797,995.6671448650824,327.83338623642146,1041.6597651944803,331.6026635783856,948.9960837942288,224.20668960392703,1111.2194178438992,322.5155676852897,929.7609713496224,65.8654432147935,1146.1417146188037,225.7810623903113,885.6474722386458,559.0033781823008,1050.6593196064475,558.2681402273389,955.2452312752572,779.380011936778,1056.194083993703,787.870493021991,942.2790856960502,955.8551074004451,1077.6843104758393,974.3849516472984,919.3316713174768,0,0
214,246.58041951870263,996.3907276296512,324.22335685462104,1041.855354393168,323.18676411563,951.28055793936,215.52038463101428,1111.509242453705,251.38385271685016,905.662594472197,63.36977269156546,1147.037214717823,98.55777011271104,866.2182908685307,567.277366032991,1052.6546068492837,557.759358340339,956.8176794227304,778.9782580163605,1056.468187902536,786.9617074239703,942.970065327798,955.880987864322,1077.6507971971723,974.0163535972564,919.3137334393368,0,0
215,246.34487521973944,996.1419342511896,324.1988586108303,1042.084634459956,324.65339606077987,952.5677207705731,217.1392911556328,1111.5775471168088,249.50045730729715,905.2234716366356,63.19807805382538,1145.979454382477,99.96988740482008,866.3244960765293,566.8464374914281,1053.6268592178603,560.1178326377322,954.9369656172508,778.8272303815626,1056.006528026124,786.4101225874049,943.514094412283,955.9197797638852,1078.090222069308,973.6388869713434,919.3657079468222,0,0
216,242.8084662180728,996.2393259108724,317.3246508673976,1049.0603191479438,335.58958433074355,943.220992470208,215.22371626954396,1144.7779683625322,392.8268975306239,918.0976669233044,63.04024144483945,1143.2954161207438,434.0070416930438,902.3538416120432,563.2557230280961,1049.7960842785635,558.7699155844699,956.4953102038944,776.7958336223705,1058.0287241042315,785.2813068384932,941.6425587516072,957.0147391568544,1078.047810483732,967.3497835712408,921.3474721579232,0,0
217,242.18557750915207,996.5844346494206,318.81685924157983,1049.467212864794,323.80908861891965,945.2467403369824,210.37027009286868,1144.1068114785917,278.51230864407023,868.2841537666181,61.9146967492271,1145.289352607587,231.03699846602535,867.4218642370041,564.5420154328464,1051.90538191953,562.8340039296639,953.116194299702,776.8176035887243,1058.082286153621,783.9447656440486,943.1691323195548,956.9651814772031,1078.3290085522767,967.440640433402,921.183330079022,0,0
218,242.807274856865,996.4402454833088,322.38884140828185,1047.311135879954,323.2758771303571,945.5235201956856,233.6781116579847,1148.583997156058,278.0311969414799,867.4537368314745,67.69372644908096,1142.6159132061243,229.84335900593172,866.2206425831478,576.24157224737,1052.2851871936134,563.4159708209094,953.9198961335014,779.4234869104988,1058.2567987154723,784.4952749740937,942.9020196492844,956.4417272302356,1078.4064160192129,967.5288560765616,921.2901770306544,0,0
219,243.47388431216712,995.4807365019476,323.5039889827971,1046.6179854864588,322.6066843833973,946.1057861686892,232.9289055118635,1148.6149905482955,278.6482644546171,866.3317442816203,67.9783593166634,1142.3120529769012,176.3099857920633,864.3055087165917,576.283941578958,1052.3967308476076,563.346693735904,953.573150074193,779.995972468422,1058.4533902181588,784.7496463294457,943.054555518762,956.6276103839452,1078.349041178505,967.0848848419784,921.4943268472532,0,0
220,243.7261418217335,995.4004593512138,325.1357801558912,1044.047217666884,323.93109231063386,946.0027883334864,232.0310785618498,1120.276398220805,278.3707422521861,866.1947844853566,66.97510727980357,1143.5939459762185,195.67240602173325,861.2342895014509,575.7187448211391,1052.0716359000448,563.0613644008363,953.9135789275608,774.0925359291899,1057.3642396050986,780.7043455295042,942.6712764877332,963.4037618674288,1082.5552321075957,966.9019201549038,921.4618064549634,0,0
221,245.14521826383196,995.4002037300598,325.6086762208777,1046.1562381607046,325.6433736952445,944.819113053792,234.46794864570208,1147.9429433627834,280.6455604245665,868.0253238944251,68.86328286715384,1142.8814363164292,192.81619554378275,860.8633721076243,575.4152242911032,1051.7569850946857,563.1908510999344,954.1444640261212,773.7274168681726,1058.0583680858515,779.8014182945221,942.9324479842344,964.2011091520012,1082.1112921586553,966.8844120338152,921.894472838324,0,0
222,245.2558631735753,993.6659259501844,324.9113890470547,1044.7312565116126,330.964456937713,944.6784312789885,233.74422249465368,1146.712214955506,285.1009821302714,893.5906076536382,68.60582428573787,1142.950150646067,181.93010471577145,856.7594780736247,575.5739117288775,1051.774700986034,565.7103691051468,959.208467751194,775.1812632775275,1058.1236927444493,780.3436122046024,943.4084387897658,964.438298018298,1082.233831558396,967.4316586815644,921.753601029373,0,1
223,244.96982766065852,989.8922836001002,324.14335818842574,1045.895215328085,329.4732745137109,946.2186186914494,235.28016902690436,1147.2200934909706,288.9405511228564,897.3393739452265,68.44623144023285,1143.394187461971,183.4627082040933,856.5636453621534,576.038284103334,1051.9559148582443,566.0307602206503,958.587496699348,774.9945061910602,1057.9749777385368,779.7313241995822,943.9618498432908,964.514737501256,1082.1776917714744,967.3031738241564,921.6949114214402,0,1
224,244.9368897712122,988.2780905001134,325.43354411429016,1043.5041579247222,327.6808123098703,947.9065093671812,239.1592571918304,1144.6401764521436,284.6617602681927,897.8260524057449,77.09617545297769,1146.9280944196378,181.22222989681327,855.2372110494352,576.0040554051591,1052.568498845489,560.0632312610958,959.8819467515126,774.8390539786905,1058.481365935405,781.2630068775271,946.5528043344738,964.5072873082056,1082.294054556909,967.4747700188964,921.60700498829,0,1
225,244.80565788531956,985.5948752712276,327.8669854351386,1042.893134571891,325.5403192765691,943.8630859016234,215.3521448738088,1119.1050055375615,278.3238458819445,868.4148690071639,64.52933379670579,1151.158953126435,198.60612529461963,860.212755728784,565.5976779873256,1055.3148252555854,563.8684670853831,954.8371078861188,775.6408507864248,1058.5708602468028,782.3233859901775,943.9374272600857,956.9770883924784,1079.311020267439,967.7803665577824,921.5376889399096,0,1
226,247.41794743137956,983.6560352333848,330.77813782214497,1037.7763888031836,325.5560674778972,948.5408722977704,218.75174196240803,1117.608574412484,271.1448157500228,900.2344059436134,65.19810481251294,1150.1297456739933,181.46163657675797,857.0434274330112,568.65174952037,1044.813131967246,563.7460240834091,955.0973147491076,771.8080053837929,1053.6837779766142,780.6335770665281,944.7870083822212,964.4679536373004,1082.3308397863475,967.9757578320248,921.3479985356944,0,1
